lambda_A  lambda_rho  MSE  MSE-val  R^2-val  Sparsity
0.000100000000  0.000100000000  0.10109  0.11086  0.26502  1.74
0.000100000000  0.000074989421  0.09758  0.10796  0.28232  2.01
0.000100000000  0.000056234133  0.09415  0.10503  0.30042  2.31
0.000100000000  0.000042169650  0.09111  0.10256  0.31586  2.67
0.000100000000  0.000031622777  0.08839  0.10072  0.32740  3.14
0.000100000000  0.000023713737  0.08585  0.09952  0.33479  3.77
0.000100000000  0.000017782794  0.08331  0.09895  0.33802  4.59
0.000100000000  0.000013335214  0.08076  0.09902  0.33701  5.58
0.000100000000  0.000010000000  0.07840  0.09965  0.33235  6.68
0.000100000000  0.000007498942  0.07638  0.10066  0.32514  7.78
0.000100000000  0.000005623413  0.07479  0.10184  0.31677  8.76
0.000100000000  0.000004216965  0.07359  0.10304  0.30826  9.59
0.000100000000  0.000003162278  0.07272  0.10417  0.30034  10.26
0.000100000000  0.000002371374  0.07211  0.10515  0.29338  10.79
0.000100000000  0.000001778279  0.07166  0.10598  0.28751  11.20
0.000100000000  0.000001333521  0.07135  0.10666  0.28272  11.51
0.000100000000  0.000001000000  0.07113  0.10720  0.27886  11.75
0.000100000000  0.000000749894  0.07097  0.10763  0.27583  11.93
0.000100000000  0.000000562341  0.07086  0.10796  0.27350  12.07
0.000100000000  0.000000421697  0.07077  0.10822  0.27166  12.17
0.000100000000  0.000000316228  0.07071  0.10841  0.27027  12.25
0.000100000000  0.000000237137  0.07067  0.10856  0.26923  12.30
0.000100000000  0.000000177828  0.07064  0.10867  0.26842  12.35
0.000100000000  0.000000133352  0.07061  0.10876  0.26779  12.38
0.000100000000  0.000000100000  0.07059  0.10884  0.26725  12.40
0.000069519280  0.000100000000  0.09905  0.10936  0.27624  1.47
0.000069519280  0.000074989421  0.09696  0.10770  0.28519  2.19
0.000069519280  0.000056234133  0.09403  0.10522  0.29982  2.44
0.000069519280  0.000042169650  0.09107  0.10274  0.31502  2.72
0.000069519280  0.000031622777  0.08837  0.10083  0.32684  3.14
0.000069519280  0.000023713737  0.08584  0.09959  0.33445  3.76
0.000069519280  0.000017782794  0.08331  0.09899  0.33781  4.58
0.000069519280  0.000013335214  0.08077  0.09905  0.33687  5.57
0.000069519280  0.000010000000  0.07840  0.09967  0.33224  6.67
0.000069519280  0.000007498942  0.07638  0.10067  0.32506  7.78
0.000069519280  0.000005623413  0.07479  0.10185  0.31668  8.75
0.000069519280  0.000004216965  0.07359  0.10305  0.30820  9.59
0.000069519280  0.000003162278  0.07272  0.10417  0.30028  10.25
0.000069519280  0.000002371374  0.07210  0.10516  0.29333  10.78
0.000069519280  0.000001778279  0.07166  0.10599  0.28745  11.20
0.000069519280  0.000001333521  0.07135  0.10666  0.28267  11.51
0.000069519280  0.000001000000  0.07113  0.10721  0.27881  11.75
0.000069519280  0.000000749894  0.07097  0.10763  0.27581  11.93
0.000069519280  0.000000562341  0.07086  0.10796  0.27345  12.07
0.000069519280  0.000000421697  0.07077  0.10822  0.27162  12.17
0.000069519280  0.000000316228  0.07071  0.10842  0.27024  12.24
0.000069519280  0.000000237137  0.07067  0.10857  0.26918  12.30
0.000069519280  0.000000177828  0.07063  0.10868  0.26837  12.35
0.000069519280  0.000000133352  0.07061  0.10876  0.26777  12.38
0.000069519280  0.000000100000  0.07059  0.10884  0.26723  12.40
0.000048329302  0.000100000000  0.09904  0.10936  0.27628  1.47
0.000048329302  0.000074989421  0.09695  0.10770  0.28521  2.19
0.000048329302  0.000056234133  0.09403  0.10522  0.29983  2.43
0.000048329302  0.000042169650  0.09108  0.10275  0.31499  2.72
0.000048329302  0.000031622777  0.08837  0.10084  0.32683  3.14
0.000048329302  0.000023713737  0.08584  0.09959  0.33444  3.76
0.000048329302  0.000017782794  0.08331  0.09899  0.33780  4.57
0.000048329302  0.000013335214  0.08077  0.09905  0.33686  5.57
0.000048329302  0.000010000000  0.07840  0.09967  0.33223  6.67
0.000048329302  0.000007498942  0.07638  0.10067  0.32505  7.77
0.000048329302  0.000005623413  0.07479  0.10185  0.31667  8.75
0.000048329302  0.000004216965  0.07359  0.10305  0.30819  9.59
0.000048329302  0.000003162278  0.07272  0.10417  0.30028  10.25
0.000048329302  0.000002371374  0.07210  0.10516  0.29332  10.78
0.000048329302  0.000001778279  0.07166  0.10599  0.28745  11.20
0.000048329302  0.000001333521  0.07135  0.10666  0.28266  11.51
0.000048329302  0.000001000000  0.07113  0.10721  0.27881  11.75
0.000048329302  0.000000749894  0.07097  0.10763  0.27580  11.93
0.000048329302  0.000000562341  0.07086  0.10796  0.27344  12.07
0.000048329302  0.000000421697  0.07077  0.10822  0.27161  12.17
0.000048329302  0.000000316228  0.07071  0.10842  0.27024  12.24
0.000048329302  0.000000237137  0.07067  0.10857  0.26918  12.30
0.000048329302  0.000000177828  0.07063  0.10868  0.26837  12.35
0.000048329302  0.000000133352  0.07061  0.10876  0.26777  12.38
0.000048329302  0.000000100000  0.07059  0.10884  0.26722  12.40
0.000033598183  0.000100000000  0.09904  0.10936  0.27628  1.47
0.000033598183  0.000074989421  0.09695  0.10770  0.28521  2.19
0.000033598183  0.000056234133  0.09403  0.10522  0.29982  2.43
0.000033598183  0.000042169650  0.09108  0.10275  0.31499  2.72
0.000033598183  0.000031622777  0.08837  0.10084  0.32683  3.14
0.000033598183  0.000023713737  0.08584  0.09959  0.33444  3.76
0.000033598183  0.000017782794  0.08331  0.09899  0.33780  4.57
0.000033598183  0.000013335214  0.08077  0.09905  0.33686  5.57
0.000033598183  0.000010000000  0.07840  0.09967  0.33223  6.67
0.000033598183  0.000007498942  0.07638  0.10067  0.32505  7.77
0.000033598183  0.000005623413  0.07479  0.10185  0.31667  8.75
0.000033598183  0.000004216965  0.07359  0.10305  0.30819  9.59
0.000033598183  0.000003162278  0.07272  0.10417  0.30028  10.25
0.000033598183  0.000002371374  0.07210  0.10516  0.29332  10.78
0.000033598183  0.000001778279  0.07166  0.10599  0.28745  11.20
0.000033598183  0.000001333521  0.07135  0.10666  0.28266  11.51
0.000033598183  0.000001000000  0.07113  0.10721  0.27881  11.75
0.000033598183  0.000000749894  0.07097  0.10763  0.27580  11.93
0.000033598183  0.000000562341  0.07086  0.10796  0.27344  12.07
0.000033598183  0.000000421697  0.07077  0.10822  0.27161  12.17
0.000033598183  0.000000316228  0.07071  0.10842  0.27024  12.24
0.000033598183  0.000000237137  0.07067  0.10857  0.26918  12.30
0.000033598183  0.000000177828  0.07063  0.10868  0.26837  12.35
0.000033598183  0.000000133352  0.07061  0.10876  0.26777  12.38
0.000033598183  0.000000100000  0.07059  0.10884  0.26722  12.40
0.000023357215  0.000100000000  0.09904  0.10936  0.27628  1.47
0.000023357215  0.000074989421  0.09695  0.10770  0.28521  2.19
0.000023357215  0.000056234133  0.09403  0.10522  0.29982  2.43
0.000023357215  0.000042169650  0.09108  0.10275  0.31499  2.72
0.000023357215  0.000031622777  0.08837  0.10084  0.32683  3.14
0.000023357215  0.000023713737  0.08584  0.09959  0.33444  3.76
0.000023357215  0.000017782794  0.08331  0.09899  0.33780  4.57
0.000023357215  0.000013335214  0.08077  0.09905  0.33686  5.57
0.000023357215  0.000010000000  0.07840  0.09967  0.33223  6.67
0.000023357215  0.000007498942  0.07638  0.10067  0.32505  7.77
0.000023357215  0.000005623413  0.07479  0.10185  0.31667  8.75
0.000023357215  0.000004216965  0.07359  0.10305  0.30819  9.59
0.000023357215  0.000003162278  0.07272  0.10417  0.30028  10.25
0.000023357215  0.000002371374  0.07210  0.10516  0.29332  10.78
0.000023357215  0.000001778279  0.07166  0.10599  0.28745  11.20
0.000023357215  0.000001333521  0.07135  0.10666  0.28266  11.51
0.000023357215  0.000001000000  0.07113  0.10721  0.27881  11.75
0.000023357215  0.000000749894  0.07097  0.10763  0.27580  11.93
0.000023357215  0.000000562341  0.07086  0.10796  0.27344  12.07
0.000023357215  0.000000421697  0.07077  0.10822  0.27161  12.17
0.000023357215  0.000000316228  0.07071  0.10842  0.27024  12.24
0.000023357215  0.000000237137  0.07067  0.10857  0.26918  12.30
0.000023357215  0.000000177828  0.07063  0.10868  0.26837  12.35
0.000023357215  0.000000133352  0.07061  0.10876  0.26777  12.38
0.000023357215  0.000000100000  0.07059  0.10884  0.26722  12.40
0.000016237767  0.000100000000  0.09900  0.10932  0.27643  1.47
0.000016237767  0.000074989421  0.09691  0.10766  0.28537  2.19
0.000016237767  0.000056234133  0.09399  0.10519  0.29997  2.43
0.000016237767  0.000042169650  0.09104  0.10272  0.31516  2.72
0.000016237767  0.000031622777  0.08834  0.10081  0.32696  3.14
0.000016237767  0.000023713737  0.08582  0.09957  0.33453  3.75
0.000016237767  0.000017782794  0.08330  0.09898  0.33785  4.57
0.000016237767  0.000013335214  0.08076  0.09905  0.33686  5.57
0.000016237767  0.000010000000  0.07840  0.09967  0.33222  6.67
0.000016237767  0.000007498942  0.07638  0.10067  0.32504  7.77
0.000016237767  0.000005623413  0.07479  0.10185  0.31667  8.75
0.000016237767  0.000004216965  0.07359  0.10305  0.30819  9.59
0.000016237767  0.000003162278  0.07272  0.10417  0.30027  10.25
0.000016237767  0.000002371374  0.07210  0.10516  0.29332  10.78
0.000016237767  0.000001778279  0.07166  0.10599  0.28745  11.20
0.000016237767  0.000001333521  0.07135  0.10667  0.28266  11.51
0.000016237767  0.000001000000  0.07113  0.10721  0.27881  11.75
0.000016237767  0.000000749894  0.07097  0.10763  0.27580  11.93
0.000016237767  0.000000562341  0.07086  0.10797  0.27344  12.07
0.000016237767  0.000000421697  0.07077  0.10822  0.27161  12.17
0.000016237767  0.000000316228  0.07071  0.10842  0.27024  12.24
0.000016237767  0.000000237137  0.07067  0.10857  0.26918  12.30
0.000016237767  0.000000177828  0.07063  0.10868  0.26837  12.35
0.000016237767  0.000000133352  0.07061  0.10876  0.26777  12.38
0.000016237767  0.000000100000  0.07059  0.10884  0.26722  12.40
0.000011288379  0.000100000000  0.09897  0.10929  0.27655  1.46
0.000011288379  0.000074989421  0.09688  0.10763  0.28550  2.19
0.000011288379  0.000056234133  0.09396  0.10516  0.30012  2.43
0.000011288379  0.000042169650  0.09101  0.10269  0.31531  2.72
0.000011288379  0.000031622777  0.08831  0.10078  0.32716  3.14
0.000011288379  0.000023713737  0.08578  0.09953  0.33476  3.76
0.000011288379  0.000017782794  0.08326  0.09894  0.33811  4.58
0.000011288379  0.000013335214  0.08072  0.09900  0.33713  5.57
0.000011288379  0.000010000000  0.07835  0.09963  0.33246  6.67
0.000011288379  0.000007498942  0.07634  0.10063  0.32525  7.77
0.000011288379  0.000005623413  0.07475  0.10182  0.31685  8.76
0.000011288379  0.000004216965  0.07356  0.10302  0.30835  9.59
0.000011288379  0.000003162278  0.07270  0.10414  0.30042  10.25
0.000011288379  0.000002371374  0.07208  0.10513  0.29346  10.78
0.000011288379  0.000001778279  0.07164  0.10596  0.28758  11.19
0.000011288379  0.000001333521  0.07133  0.10664  0.28279  11.51
0.000011288379  0.000001000000  0.07111  0.10718  0.27893  11.75
0.000011288379  0.000000749894  0.07095  0.10761  0.27593  11.93
0.000011288379  0.000000562341  0.07083  0.10794  0.27356  12.07
0.000011288379  0.000000421697  0.07075  0.10820  0.27173  12.17
0.000011288379  0.000000316228  0.07069  0.10839  0.27036  12.24
0.000011288379  0.000000237137  0.07065  0.10854  0.26929  12.30
0.000011288379  0.000000177828  0.07061  0.10865  0.26849  12.35
0.000011288379  0.000000133352  0.07059  0.10874  0.26789  12.38
0.000011288379  0.000000100000  0.07057  0.10881  0.26734  12.40
0.000007847600  0.000100000000  0.09895  0.10926  0.27666  1.46
0.000007847600  0.000074989421  0.09686  0.10760  0.28561  2.19
0.000007847600  0.000056234133  0.09394  0.10513  0.30024  2.43
0.000007847600  0.000042169650  0.09098  0.10265  0.31547  2.71
0.000007847600  0.000031622777  0.08828  0.10075  0.32730  3.14
0.000007847600  0.000023713737  0.08576  0.09950  0.33491  3.76
0.000007847600  0.000017782794  0.08323  0.09890  0.33827  4.58
0.000007847600  0.000013335214  0.08069  0.09897  0.33733  5.57
0.000007847600  0.000010000000  0.07833  0.09959  0.33269  6.67
0.000007847600  0.000007498942  0.07631  0.10059  0.32548  7.77
0.000007847600  0.000005623413  0.07472  0.10177  0.31710  8.76
0.000007847600  0.000004216965  0.07353  0.10297  0.30861  9.59
0.000007847600  0.000003162278  0.07266  0.10409  0.30070  10.25
0.000007847600  0.000002371374  0.07204  0.10508  0.29375  10.78
0.000007847600  0.000001778279  0.07160  0.10591  0.28787  11.20
0.000007847600  0.000001333521  0.07129  0.10658  0.28308  11.51
0.000007847600  0.000001000000  0.07107  0.10713  0.27923  11.75
0.000007847600  0.000000749894  0.07091  0.10755  0.27623  11.93
0.000007847600  0.000000562341  0.07080  0.10788  0.27386  12.07
0.000007847600  0.000000421697  0.07071  0.10814  0.27203  12.17
0.000007847600  0.000000316228  0.07065  0.10834  0.27066  12.24
0.000007847600  0.000000237137  0.07061  0.10848  0.26960  12.30
0.000007847600  0.000000177828  0.07057  0.10860  0.26879  12.35
0.000007847600  0.000000133352  0.07055  0.10868  0.26819  12.38
0.000007847600  0.000000100000  0.07053  0.10876  0.26765  12.40
0.000005455595  0.000100000000  0.09881  0.10914  0.27711  1.46
0.000005455595  0.000074989421  0.09671  0.10748  0.28607  2.19
0.000005455595  0.000056234133  0.09379  0.10500  0.30073  2.43
0.000005455595  0.000042169650  0.09083  0.10252  0.31597  2.72
0.000005455595  0.000031622777  0.08813  0.10061  0.32786  3.14
0.000005455595  0.000023713737  0.08561  0.09935  0.33551  3.76
0.000005455595  0.000017782794  0.08308  0.09875  0.33890  4.57
0.000005455595  0.000013335214  0.08054  0.09881  0.33794  5.57
0.000005455595  0.000010000000  0.07818  0.09944  0.33329  6.66
0.000005455595  0.000007498942  0.07617  0.10045  0.32607  7.77
0.000005455595  0.000005623413  0.07458  0.10163  0.31768  8.76
0.000005455595  0.000004216965  0.07339  0.10284  0.30918  9.59
0.000005455595  0.000003162278  0.07252  0.10396  0.30125  10.25
0.000005455595  0.000002371374  0.07191  0.10495  0.29430  10.78
0.000005455595  0.000001778279  0.07147  0.10578  0.28842  11.20
0.000005455595  0.000001333521  0.07116  0.10645  0.28364  11.51
0.000005455595  0.000001000000  0.07093  0.10700  0.27978  11.75
0.000005455595  0.000000749894  0.07078  0.10742  0.27678  11.93
0.000005455595  0.000000562341  0.07066  0.10775  0.27442  12.07
0.000005455595  0.000000421697  0.07058  0.10801  0.27259  12.17
0.000005455595  0.000000316228  0.07052  0.10820  0.27122  12.25
0.000005455595  0.000000237137  0.07047  0.10835  0.27015  12.31
0.000005455595  0.000000177828  0.07044  0.10847  0.26935  12.35
0.000005455595  0.000000133352  0.07042  0.10855  0.26875  12.38
0.000005455595  0.000000100000  0.07039  0.10863  0.26820  12.40
0.000003792690  0.000100000000  0.09857  0.10894  0.27799  1.46
0.000003792690  0.000074989421  0.09648  0.10728  0.28696  2.18
0.000003792690  0.000056234133  0.09353  0.10477  0.30184  2.43
0.000003792690  0.000042169650  0.09060  0.10231  0.31694  2.71
0.000003792690  0.000031622777  0.08790  0.10039  0.32886  3.14
0.000003792690  0.000023713737  0.08538  0.09913  0.33653  3.75
0.000003792690  0.000017782794  0.08285  0.09853  0.33991  4.57
0.000003792690  0.000013335214  0.08031  0.09860  0.33895  5.57
0.000003792690  0.000010000000  0.07795  0.09923  0.33430  6.66
0.000003792690  0.000007498942  0.07594  0.10024  0.32708  7.77
0.000003792690  0.000005623413  0.07435  0.10142  0.31867  8.76
0.000003792690  0.000004216965  0.07316  0.10263  0.31017  9.59
0.000003792690  0.000003162278  0.07230  0.10375  0.30224  10.26
0.000003792690  0.000002371374  0.07168  0.10474  0.29528  10.78
0.000003792690  0.000001778279  0.07124  0.10557  0.28939  11.19
0.000003792690  0.000001333521  0.07093  0.10625  0.28460  11.51
0.000003792690  0.000001000000  0.07071  0.10679  0.28074  11.75
0.000003792690  0.000000749894  0.07055  0.10722  0.27771  11.93
0.000003792690  0.000000562341  0.07044  0.10755  0.27535  12.07
0.000003792690  0.000000421697  0.07035  0.10781  0.27354  12.17
0.000003792690  0.000000316228  0.07029  0.10800  0.27214  12.25
0.000003792690  0.000000237137  0.07025  0.10815  0.27108  12.31
0.000003792690  0.000000177828  0.07022  0.10827  0.27027  12.35
0.000003792690  0.000000133352  0.07019  0.10835  0.26967  12.38
0.000003792690  0.000000100000  0.07017  0.10843  0.26912  12.40
0.000002636651  0.000100000000  0.09832  0.10874  0.27880  1.46
0.000002636651  0.000074989421  0.09636  0.10718  0.28710  2.18
0.000002636651  0.000056234133  0.09332  0.10456  0.30268  2.39
0.000002636651  0.000042169650  0.09033  0.10203  0.31827  2.68
0.000002636651  0.000031622777  0.08766  0.10014  0.32998  3.12
0.000002636651  0.000023713737  0.08520  0.09891  0.33744  3.75
0.000002636651  0.000017782794  0.08266  0.09831  0.34083  4.57
0.000002636651  0.000013335214  0.08013  0.09838  0.33987  5.56
0.000002636651  0.000010000000  0.07777  0.09901  0.33519  6.67
0.000002636651  0.000007498942  0.07576  0.10003  0.32795  7.77
0.000002636651  0.000005623413  0.07418  0.10123  0.31952  8.75
0.000002636651  0.000004216965  0.07299  0.10244  0.31099  9.59
0.000002636651  0.000003162278  0.07212  0.10357  0.30305  10.26
0.000002636651  0.000002371374  0.07151  0.10456  0.29606  10.78
0.000002636651  0.000001778279  0.07107  0.10539  0.29017  11.20
0.000002636651  0.000001333521  0.07076  0.10607  0.28537  11.51
0.000002636651  0.000001000000  0.07054  0.10662  0.28151  11.75
0.000002636651  0.000000749894  0.07038  0.10705  0.27848  11.93
0.000002636651  0.000000562341  0.07027  0.10738  0.27614  12.07
0.000002636651  0.000000421697  0.07019  0.10764  0.27430  12.18
0.000002636651  0.000000316228  0.07013  0.10783  0.27291  12.25
0.000002636651  0.000000237137  0.07008  0.10798  0.27187  12.31
0.000002636651  0.000000177828  0.07005  0.10810  0.27106  12.35
0.000002636651  0.000000133352  0.07003  0.10818  0.27043  12.38
0.000002636651  0.000000100000  0.07000  0.10826  0.26988  12.40
0.000001832981  0.000100000000  0.09778  0.10834  0.28058  1.49
0.000001832981  0.000074989421  0.09659  0.10743  0.28513  2.32
0.000001832981  0.000056234133  0.09300  0.10424  0.30423  2.24
0.000001832981  0.000042169650  0.08989  0.10159  0.32066  2.59
0.000001832981  0.000031622777  0.08723  0.09974  0.33207  3.08
0.000001832981  0.000023713737  0.08488  0.09860  0.33886  3.74
0.000001832981  0.000017782794  0.08240  0.09803  0.34205  4.56
0.000001832981  0.000013335214  0.07992  0.09809  0.34107  5.55
0.000001832981  0.000010000000  0.07756  0.09872  0.33641  6.66
0.000001832981  0.000007498942  0.07555  0.09973  0.32916  7.77
0.000001832981  0.000005623413  0.07397  0.10093  0.32073  8.75
0.000001832981  0.000004216965  0.07278  0.10214  0.31218  9.58
0.000001832981  0.000003162278  0.07192  0.10327  0.30424  10.26
0.000001832981  0.000002371374  0.07130  0.10426  0.29724  10.78
0.000001832981  0.000001778279  0.07087  0.10510  0.29135  11.20
0.000001832981  0.000001333521  0.07056  0.10579  0.28652  11.51
0.000001832981  0.000001000000  0.07034  0.10633  0.28265  11.75
0.000001832981  0.000000749894  0.07018  0.10676  0.27961  11.93
0.000001832981  0.000000562341  0.07007  0.10709  0.27727  12.08
0.000001832981  0.000000421697  0.06998  0.10735  0.27544  12.18
0.000001832981  0.000000316228  0.06992  0.10755  0.27404  12.25
0.000001832981  0.000000237137  0.06988  0.10770  0.27297  12.30
0.000001832981  0.000000177828  0.06985  0.10781  0.27219  12.35
0.000001832981  0.000000133352  0.06982  0.10790  0.27156  12.38
0.000001832981  0.000000100000  0.06980  0.10798  0.27101  12.40
0.000001274275  0.000100000000  0.09734  0.10814  0.28217  1.49
0.000001274275  0.000074989421  0.09560  0.10669  0.28967  1.71
0.000001274275  0.000056234133  0.09267  0.10395  0.30565  2.04
0.000001274275  0.000042169650  0.08960  0.10127  0.32196  2.48
0.000001274275  0.000031622777  0.08691  0.09936  0.33367  3.01
0.000001274275  0.000023713737  0.08443  0.09816  0.34090  3.69
0.000001274275  0.000017782794  0.08200  0.09763  0.34382  4.54
0.000001274275  0.000013335214  0.07960  0.09774  0.34265  5.55
0.000001274275  0.000010000000  0.07728  0.09838  0.33791  6.66
0.000001274275  0.000007498942  0.07529  0.09940  0.33061  7.77
0.000001274275  0.000005623413  0.07372  0.10061  0.32211  8.74
0.000001274275  0.000004216965  0.07254  0.10182  0.31354  9.58
0.000001274275  0.000003162278  0.07168  0.10296  0.30556  10.26
0.000001274275  0.000002371374  0.07107  0.10395  0.29855  10.78
0.000001274275  0.000001778279  0.07063  0.10479  0.29264  11.20
0.000001274275  0.000001333521  0.07033  0.10548  0.28781  11.51
0.000001274275  0.000001000000  0.07011  0.10603  0.28393  11.75
0.000001274275  0.000000749894  0.06995  0.10646  0.28089  11.93
0.000001274275  0.000000562341  0.06984  0.10679  0.27852  12.08
0.000001274275  0.000000421697  0.06976  0.10705  0.27671  12.17
0.000001274275  0.000000316228  0.06970  0.10725  0.27530  12.25
0.000001274275  0.000000237137  0.06965  0.10740  0.27423  12.30
0.000001274275  0.000000177828  0.06962  0.10751  0.27342  12.34
0.000001274275  0.000000133352  0.06959  0.10760  0.27280  12.38
0.000001274275  0.000000100000  0.06957  0.10768  0.27225  12.40
0.000000885867  0.000100000000  0.09790  0.10886  0.27750  1.28
0.000000885867  0.000074989421  0.09587  0.10705  0.28712  1.50
0.000000885867  0.000056234133  0.09259  0.10384  0.30604  1.88
0.000000885867  0.000042169650  0.08928  0.10087  0.32413  2.38
0.000000885867  0.000031622777  0.08646  0.09881  0.33665  2.94
0.000000885867  0.000023713737  0.08398  0.09759  0.34389  3.65
0.000000885867  0.000017782794  0.08156  0.09706  0.34671  4.50
0.000000885867  0.000013335214  0.07911  0.09719  0.34535  5.53
0.000000885867  0.000010000000  0.07685  0.09787  0.34042  6.65
0.000000885867  0.000007498942  0.07491  0.09892  0.33294  7.76
0.000000885867  0.000005623413  0.07336  0.10016  0.32430  8.74
0.000000885867  0.000004216965  0.07220  0.10140  0.31558  9.57
0.000000885867  0.000003162278  0.07134  0.10256  0.30748  10.26
0.000000885867  0.000002371374  0.07074  0.10357  0.30039  10.77
0.000000885867  0.000001778279  0.07031  0.10442  0.29441  11.19
0.000000885867  0.000001333521  0.07000  0.10511  0.28951  11.52
0.000000885867  0.000001000000  0.06978  0.10567  0.28562  11.76
0.000000885867  0.000000749894  0.06963  0.10610  0.28255  11.93
0.000000885867  0.000000562341  0.06952  0.10644  0.28014  12.07
0.000000885867  0.000000421697  0.06944  0.10670  0.27832  12.17
0.000000885867  0.000000316228  0.06938  0.10690  0.27691  12.24
0.000000885867  0.000000237137  0.06933  0.10705  0.27583  12.30
0.000000885867  0.000000177828  0.06930  0.10717  0.27502  12.34
0.000000885867  0.000000133352  0.06928  0.10726  0.27439  12.38
0.000000885867  0.000000100000  0.06926  0.10733  0.27384  12.40
0.000000615848  0.000100000000  0.09795  0.10948  0.27358  1.06
0.000000615848  0.000074989421  0.09571  0.10733  0.28518  1.26
0.000000615848  0.000056234133  0.09239  0.10387  0.30564  1.71
0.000000615848  0.000042169650  0.08884  0.10051  0.32604  2.24
0.000000615848  0.000031622777  0.08588  0.09823  0.33987  2.86
0.000000615848  0.000023713737  0.08333  0.09692  0.34759  3.59
0.000000615848  0.000017782794  0.08092  0.09638  0.35036  4.46
0.000000615848  0.000013335214  0.07855  0.09653  0.34884  5.50
0.000000615848  0.000010000000  0.07630  0.09722  0.34377  6.63
0.000000615848  0.000007498942  0.07436  0.09829  0.33616  7.74
0.000000615848  0.000005623413  0.07283  0.09955  0.32738  8.73
0.000000615848  0.000004216965  0.07169  0.10080  0.31862  9.56
0.000000615848  0.000003162278  0.07085  0.10198  0.31038  10.25
0.000000615848  0.000002371374  0.07025  0.10301  0.30319  10.78
0.000000615848  0.000001778279  0.06983  0.10387  0.29712  11.20
0.000000615848  0.000001333521  0.06953  0.10458  0.29218  11.52
0.000000615848  0.000001000000  0.06932  0.10514  0.28819  11.75
0.000000615848  0.000000749894  0.06916  0.10559  0.28507  11.93
0.000000615848  0.000000562341  0.06906  0.10593  0.28266  12.07
0.000000615848  0.000000421697  0.06897  0.10620  0.28076  12.17
0.000000615848  0.000000316228  0.06892  0.10640  0.27934  12.24
0.000000615848  0.000000237137  0.06887  0.10656  0.27825  12.30
0.000000615848  0.000000177828  0.06884  0.10667  0.27743  12.35
0.000000615848  0.000000133352  0.06882  0.10676  0.27679  12.38
0.000000615848  0.000000100000  0.06880  0.10684  0.27623  12.40
0.000000428133  0.000100000000  0.09745  0.11026  0.26614  0.67
0.000000428133  0.000074989421  0.09553  0.10824  0.27772  0.94
0.000000428133  0.000056234133  0.09163  0.10400  0.30419  1.41
0.000000428133  0.000042169650  0.08787  0.10016  0.32786  2.01
0.000000428133  0.000031622777  0.08478  0.09757  0.34361  2.66
0.000000428133  0.000023713737  0.08219  0.09614  0.35204  3.42
0.000000428133  0.000017782794  0.07982  0.09562  0.35474  4.35
0.000000428133  0.000013335214  0.07751  0.09579  0.35293  5.43
0.000000428133  0.000010000000  0.07533  0.09650  0.34767  6.58
0.000000428133  0.000007498942  0.07348  0.09757  0.34003  7.70
0.000000428133  0.000005623413  0.07199  0.09883  0.33120  8.70
0.000000428133  0.000004216965  0.07086  0.10012  0.32224  9.56
0.000000428133  0.000003162278  0.07003  0.10131  0.31388  10.23
0.000000428133  0.000002371374  0.06945  0.10236  0.30655  10.77
0.000000428133  0.000001778279  0.06903  0.10324  0.30037  11.18
0.000000428133  0.000001333521  0.06874  0.10396  0.29535  11.51
0.000000428133  0.000001000000  0.06853  0.10454  0.29132  11.74
0.000000428133  0.000000749894  0.06838  0.10499  0.28814  11.92
0.000000428133  0.000000562341  0.06827  0.10534  0.28568  12.06
0.000000428133  0.000000421697  0.06819  0.10561  0.28378  12.16
0.000000428133  0.000000316228  0.06814  0.10582  0.28232  12.24
0.000000428133  0.000000237137  0.06809  0.10598  0.28120  12.29
0.000000428133  0.000000177828  0.06806  0.10609  0.28038  12.33
0.000000428133  0.000000133352  0.06804  0.10618  0.27974  12.37
0.000000428133  0.000000100000  0.06802  0.10626  0.27918  12.40
0.000000297635  0.000100000000  0.09451  0.10951  0.26652  0.40
0.000000297635  0.000074989421  0.09445  0.10954  0.26665  0.83
0.000000297635  0.000056234133  0.08983  0.10454  0.29952  1.14
0.000000297635  0.000042169650  0.08606  0.10055  0.32503  1.75
0.000000297635  0.000031622777  0.08290  0.09760  0.34331  2.45
0.000000297635  0.000023713737  0.08031  0.09589  0.35344  3.23
0.000000297635  0.000017782794  0.07799  0.09522  0.35705  4.18
0.000000297635  0.000013335214  0.07575  0.09532  0.35572  5.29
0.000000297635  0.000010000000  0.07364  0.09602  0.35045  6.46
0.000000297635  0.000007498942  0.07183  0.09712  0.34263  7.62
0.000000297635  0.000005623413  0.07039  0.09838  0.33371  8.64
0.000000297635  0.000004216965  0.06930  0.09966  0.32469  9.50
0.000000297635  0.000003162278  0.06849  0.10087  0.31624  10.20
0.000000297635  0.000002371374  0.06791  0.10193  0.30878  10.74
0.000000297635  0.000001778279  0.06751  0.10282  0.30255  11.17
0.000000297635  0.000001333521  0.06721  0.10356  0.29741  11.51
0.000000297635  0.000001000000  0.06701  0.10414  0.29330  11.74
0.000000297635  0.000000749894  0.06686  0.10461  0.29005  11.92
0.000000297635  0.000000562341  0.06675  0.10497  0.28752  12.06
0.000000297635  0.000000421697  0.06667  0.10524  0.28561  12.16
0.000000297635  0.000000316228  0.06662  0.10545  0.28411  12.24
0.000000297635  0.000000237137  0.06657  0.10561  0.28298  12.30
0.000000297635  0.000000177828  0.06654  0.10573  0.28213  12.34
0.000000297635  0.000000133352  0.06652  0.10583  0.28147  12.37
0.000000297635  0.000000100000  0.06650  0.10591  0.28091  12.40
0.000000206914  0.000100000000  0.08950  0.10833  0.26953  0.25
0.000000206914  0.000074989421  0.08944  0.10832  0.26971  0.52
0.000000206914  0.000056234133  0.08648  0.10544  0.29105  0.86
0.000000206914  0.000042169650  0.08297  0.10185  0.31562  1.44
0.000000206914  0.000031622777  0.07965  0.09859  0.33686  2.14
0.000000206914  0.000023713737  0.07706  0.09656  0.34942  2.96
0.000000206914  0.000017782794  0.07481  0.09562  0.35473  3.91
0.000000206914  0.000013335214  0.07266  0.09554  0.35433  5.05
0.000000206914  0.000010000000  0.07063  0.09614  0.34965  6.26
0.000000206914  0.000007498942  0.06886  0.09719  0.34197  7.43
0.000000206914  0.000005623413  0.06742  0.09848  0.33282  8.51
0.000000206914  0.000004216965  0.06634  0.09979  0.32351  9.40
0.000000206914  0.000003162278  0.06554  0.10104  0.31474  10.13
0.000000206914  0.000002371374  0.06497  0.10215  0.30700  10.70
0.000000206914  0.000001778279  0.06456  0.10307  0.30054  11.13
0.000000206914  0.000001333521  0.06426  0.10384  0.29517  11.48
0.000000206914  0.000001000000  0.06405  0.10445  0.29087  11.73
0.000000206914  0.000000749894  0.06390  0.10493  0.28748  11.92
0.000000206914  0.000000562341  0.06379  0.10531  0.28483  12.06
0.000000206914  0.000000421697  0.06371  0.10560  0.28278  12.16
0.000000206914  0.000000316228  0.06365  0.10582  0.28121  12.24
0.000000206914  0.000000237137  0.06360  0.10599  0.28001  12.29
0.000000206914  0.000000177828  0.06357  0.10612  0.27911  12.34
0.000000206914  0.000000133352  0.06355  0.10622  0.27843  12.37
0.000000206914  0.000000100000  0.06353  0.10630  0.27787  12.39
0.000000143845  0.000100000000  0.08288  0.10839  0.26659  0.15
0.000000143845  0.000074989421  0.08278  0.10834  0.26696  0.30
0.000000143845  0.000056234133  0.08095  0.10677  0.27988  0.59
0.000000143845  0.000042169650  0.07796  0.10389  0.30070  1.10
0.000000143845  0.000031622777  0.07476  0.10078  0.32201  1.77
0.000000143845  0.000023713737  0.07201  0.09842  0.33745  2.58
0.000000143845  0.000017782794  0.06977  0.09716  0.34503  3.53
0.000000143845  0.000013335214  0.06773  0.09685  0.34615  4.66
0.000000143845  0.000010000000  0.06578  0.09731  0.34231  5.88
0.000000143845  0.000007498942  0.06403  0.09829  0.33511  7.10
0.000000143845  0.000005623413  0.06258  0.09957  0.32594  8.22
0.000000143845  0.000004216965  0.06145  0.10096  0.31614  9.19
0.000000143845  0.000003162278  0.06061  0.10230  0.30668  9.95
0.000000143845  0.000002371374  0.06000  0.10350  0.29826  10.57
0.000000143845  0.000001778279  0.05955  0.10452  0.29105  11.03
0.000000143845  0.000001333521  0.05923  0.10538  0.28507  11.40
0.000000143845  0.000001000000  0.05900  0.10606  0.28025  11.66
0.000000143845  0.000000749894  0.05882  0.10661  0.27639  11.88
0.000000143845  0.000000562341  0.05870  0.10704  0.27340  12.03
0.000000143845  0.000000421697  0.05861  0.10737  0.27109  12.13
0.000000143845  0.000000316228  0.05854  0.10763  0.26929  12.22
0.000000143845  0.000000237137  0.05849  0.10782  0.26793  12.28
0.000000143845  0.000000177828  0.05845  0.10797  0.26689  12.33
0.000000143845  0.000000133352  0.05842  0.10808  0.26608  12.36
0.000000143845  0.000000100000  0.05840  0.10817  0.26549  12.39
0.000000100000  0.000100000000  0.07490  0.11015  0.25318  0.06
0.000000100000  0.000074989421  0.07483  0.11013  0.25339  0.13
0.000000100000  0.000056234133  0.07362  0.10925  0.26126  0.36
0.000000100000  0.000042169650  0.07135  0.10721  0.27695  0.76
0.000000100000  0.000031622777  0.06852  0.10449  0.29635  1.34
0.000000100000  0.000023713737  0.06574  0.10198  0.31359  2.08
0.000000100000  0.000017782794  0.06325  0.10026  0.32481  3.00
0.000000100000  0.000013335214  0.06113  0.09962  0.32833  4.10
0.000000100000  0.000010000000  0.05926  0.09989  0.32563  5.32
0.000000100000  0.000007498942  0.05753  0.10082  0.31864  6.60
0.000000100000  0.000005623413  0.05603  0.10216  0.30895  7.81
0.000000100000  0.000004216965  0.05482  0.10368  0.29820  8.83
0.000000100000  0.000003162278  0.05390  0.10519  0.28758  9.69
0.000000100000  0.000002371374  0.05320  0.10660  0.27773  10.36
0.000000100000  0.000001778279  0.05268  0.10782  0.26915  10.89
0.000000100000  0.000001333521  0.05229  0.10886  0.26188  11.28
0.000000100000  0.000001000000  0.05201  0.10971  0.25590  11.58
0.000000100000  0.000000749894  0.05180  0.11039  0.25112  11.80
0.000000100000  0.000000562341  0.05164  0.11093  0.24737  11.98
0.000000100000  0.000000421697  0.05153  0.11135  0.24445  12.11
0.000000100000  0.000000316228  0.05144  0.11167  0.24218  12.20
0.000000100000  0.000000237137  0.05138  0.11192  0.24045  12.27
0.000000100000  0.000000177828  0.05133  0.11211  0.23912  12.32
0.000000100000  0.000000133352  0.05130  0.11225  0.23815  12.36
0.000000100000  0.000000100000  0.05127  0.11236  0.23737  12.39
