lambda_A  lambda_rho  MSE  MSE-val  R^2-val  Sparsity
0.000100000000  0.000100000000  0.15481  0.15278  0.06306  0.05
0.000100000000  0.000074989421  0.14876  0.14799  0.08496  0.08
0.000100000000  0.000056234133  0.14178  0.14232  0.11181  0.12
0.000100000000  0.000042169650  0.13457  0.13637  0.14057  0.17
0.000100000000  0.000031622777  0.12785  0.13062  0.16907  0.23
0.000100000000  0.000023713737  0.12153  0.12508  0.19731  0.33
0.000100000000  0.000017782794  0.11578  0.11991  0.22395  0.43
0.000100000000  0.000013335214  0.11091  0.11554  0.24708  0.57
0.000100000000  0.000010000000  0.10672  0.11190  0.26686  0.74
0.000100000000  0.000007498942  0.10308  0.10884  0.28369  0.92
0.000100000000  0.000005623413  0.09994  0.10634  0.29748  1.15
0.000100000000  0.000004216965  0.09707  0.10427  0.30896  1.42
0.000100000000  0.000003162278  0.09426  0.10244  0.31909  1.79
0.000100000000  0.000002371374  0.09136  0.10084  0.32788  2.29
0.000100000000  0.000001778279  0.08822  0.09951  0.33514  3.01
0.000100000000  0.000001333521  0.08467  0.09853  0.34046  4.01
0.000100000000  0.000001000000  0.08052  0.09805  0.34270  5.45
0.000100000000  0.000000749894  0.07576  0.09830  0.34028  7.45
0.000100000000  0.000000562341  0.07061  0.09943  0.33219  9.94
0.000100000000  0.000000421697  0.06553  0.10145  0.31821  12.73
0.000100000000  0.000000316228  0.06094  0.10419  0.29948  15.62
0.000100000000  0.000000237137  0.05706  0.10742  0.27742  18.35
0.000100000000  0.000000177828  0.05396  0.11090  0.25362  20.79
0.000100000000  0.000000133352  0.05159  0.11439  0.22961  22.87
0.000100000000  0.000000100000  0.04984  0.11771  0.20677  24.56
0.000069519280  0.000100000000  0.15362  0.15159  0.07097  0.06
0.000069519280  0.000074989421  0.14863  0.14777  0.08741  0.08
0.000069519280  0.000056234133  0.14175  0.14224  0.11285  0.12
0.000069519280  0.000042169650  0.13456  0.13634  0.14102  0.17
0.000069519280  0.000031622777  0.12784  0.13062  0.16923  0.23
0.000069519280  0.000023713737  0.12152  0.12508  0.19737  0.33
0.000069519280  0.000017782794  0.11578  0.11990  0.22399  0.43
0.000069519280  0.000013335214  0.11091  0.11554  0.24709  0.57
0.000069519280  0.000010000000  0.10672  0.11190  0.26684  0.74
0.000069519280  0.000007498942  0.10308  0.10884  0.28366  0.92
0.000069519280  0.000005623413  0.09994  0.10634  0.29747  1.15
0.000069519280  0.000004216965  0.09707  0.10427  0.30893  1.42
0.000069519280  0.000003162278  0.09426  0.10244  0.31908  1.79
0.000069519280  0.000002371374  0.09136  0.10084  0.32787  2.29
0.000069519280  0.000001778279  0.08823  0.09952  0.33513  3.01
0.000069519280  0.000001333521  0.08467  0.09853  0.34045  4.01
0.000069519280  0.000001000000  0.08052  0.09805  0.34269  5.45
0.000069519280  0.000000749894  0.07576  0.09830  0.34028  7.45
0.000069519280  0.000000562341  0.07061  0.09943  0.33218  9.94
0.000069519280  0.000000421697  0.06554  0.10145  0.31822  12.73
0.000069519280  0.000000316228  0.06094  0.10419  0.29948  15.62
0.000069519280  0.000000237137  0.05705  0.10742  0.27740  18.35
0.000069519280  0.000000177828  0.05396  0.11089  0.25363  20.79
0.000069519280  0.000000133352  0.05159  0.11439  0.22962  22.87
0.000069519280  0.000000100000  0.04984  0.11771  0.20678  24.56
0.000048329302  0.000100000000  0.15360  0.15159  0.07100  0.06
0.000048329302  0.000074989421  0.14861  0.14776  0.08745  0.08
0.000048329302  0.000056234133  0.14172  0.14224  0.11287  0.12
0.000048329302  0.000042169650  0.13455  0.13634  0.14105  0.17
0.000048329302  0.000031622777  0.12784  0.13062  0.16924  0.23
0.000048329302  0.000023713737  0.12152  0.12508  0.19737  0.33
0.000048329302  0.000017782794  0.11578  0.11990  0.22399  0.43
0.000048329302  0.000013335214  0.11091  0.11554  0.24709  0.57
0.000048329302  0.000010000000  0.10672  0.11190  0.26684  0.74
0.000048329302  0.000007498942  0.10308  0.10884  0.28366  0.92
0.000048329302  0.000005623413  0.09994  0.10634  0.29747  1.15
0.000048329302  0.000004216965  0.09707  0.10427  0.30893  1.42
0.000048329302  0.000003162278  0.09426  0.10244  0.31908  1.79
0.000048329302  0.000002371374  0.09136  0.10084  0.32787  2.29
0.000048329302  0.000001778279  0.08823  0.09952  0.33513  3.01
0.000048329302  0.000001333521  0.08467  0.09853  0.34045  4.01
0.000048329302  0.000001000000  0.08052  0.09805  0.34269  5.45
0.000048329302  0.000000749894  0.07576  0.09830  0.34028  7.45
0.000048329302  0.000000562341  0.07061  0.09943  0.33218  9.94
0.000048329302  0.000000421697  0.06554  0.10145  0.31822  12.73
0.000048329302  0.000000316228  0.06094  0.10419  0.29948  15.62
0.000048329302  0.000000237137  0.05705  0.10742  0.27740  18.35
0.000048329302  0.000000177828  0.05396  0.11089  0.25363  20.79
0.000048329302  0.000000133352  0.05159  0.11439  0.22962  22.87
0.000048329302  0.000000100000  0.04984  0.11771  0.20678  24.56
0.000033598183  0.000100000000  0.15336  0.15151  0.07120  0.05
0.000033598183  0.000074989421  0.14838  0.14766  0.08784  0.08
0.000033598183  0.000056234133  0.14152  0.14216  0.11320  0.12
0.000033598183  0.000042169650  0.13444  0.13631  0.14115  0.17
0.000033598183  0.000031622777  0.12773  0.13057  0.16946  0.23
0.000033598183  0.000023713737  0.12145  0.12503  0.19763  0.33
0.000033598183  0.000017782794  0.11575  0.11988  0.22415  0.43
0.000033598183  0.000013335214  0.11088  0.11551  0.24725  0.57
0.000033598183  0.000010000000  0.10670  0.11189  0.26694  0.74
0.000033598183  0.000007498942  0.10308  0.10884  0.28368  0.92
0.000033598183  0.000005623413  0.09994  0.10634  0.29747  1.15
0.000033598183  0.000004216965  0.09707  0.10427  0.30893  1.42
0.000033598183  0.000003162278  0.09426  0.10244  0.31908  1.79
0.000033598183  0.000002371374  0.09136  0.10084  0.32787  2.29
0.000033598183  0.000001778279  0.08822  0.09952  0.33513  3.01
0.000033598183  0.000001333521  0.08467  0.09853  0.34045  4.01
0.000033598183  0.000001000000  0.08052  0.09805  0.34269  5.45
0.000033598183  0.000000749894  0.07576  0.09830  0.34028  7.45
0.000033598183  0.000000562341  0.07061  0.09943  0.33219  9.94
0.000033598183  0.000000421697  0.06553  0.10145  0.31821  12.73
0.000033598183  0.000000316228  0.06094  0.10419  0.29947  15.62
0.000033598183  0.000000237137  0.05706  0.10742  0.27742  18.35
0.000033598183  0.000000177828  0.05396  0.11090  0.25361  20.79
0.000033598183  0.000000133352  0.05159  0.11439  0.22961  22.87
0.000033598183  0.000000100000  0.04984  0.11771  0.20677  24.56
0.000023357215  0.000100000000  0.15297  0.15133  0.07159  0.05
0.000023357215  0.000074989421  0.14828  0.14767  0.08753  0.08
0.000023357215  0.000056234133  0.14145  0.14217  0.11312  0.12
0.000023357215  0.000042169650  0.13399  0.13596  0.14293  0.17
0.000023357215  0.000031622777  0.12759  0.13051  0.16977  0.23
0.000023357215  0.000023713737  0.12124  0.12489  0.19836  0.32
0.000023357215  0.000017782794  0.11567  0.11984  0.22434  0.42
0.000023357215  0.000013335214  0.11080  0.11546  0.24751  0.57
0.000023357215  0.000010000000  0.10663  0.11184  0.26720  0.74
0.000023357215  0.000007498942  0.10302  0.10879  0.28394  0.92
0.000023357215  0.000005623413  0.09990  0.10630  0.29766  1.14
0.000023357215  0.000004216965  0.09705  0.10425  0.30905  1.42
0.000023357215  0.000003162278  0.09426  0.10243  0.31911  1.79
0.000023357215  0.000002371374  0.09136  0.10085  0.32786  2.29
0.000023357215  0.000001778279  0.08822  0.09952  0.33512  3.01
0.000023357215  0.000001333521  0.08467  0.09853  0.34044  4.01
0.000023357215  0.000001000000  0.08052  0.09805  0.34268  5.45
0.000023357215  0.000000749894  0.07576  0.09830  0.34028  7.45
0.000023357215  0.000000562341  0.07061  0.09943  0.33218  9.94
0.000023357215  0.000000421697  0.06554  0.10145  0.31822  12.73
0.000023357215  0.000000316228  0.06094  0.10419  0.29948  15.62
0.000023357215  0.000000237137  0.05705  0.10742  0.27740  18.35
0.000023357215  0.000000177828  0.05396  0.11089  0.25363  20.79
0.000023357215  0.000000133352  0.05159  0.11439  0.22962  22.87
0.000023357215  0.000000100000  0.04984  0.11771  0.20678  24.56
0.000016237767  0.000100000000  0.15248  0.15098  0.07240  0.05
0.000016237767  0.000074989421  0.14783  0.14731  0.08834  0.08
0.000016237767  0.000056234133  0.14122  0.14195  0.11352  0.12
0.000016237767  0.000042169650  0.13416  0.13618  0.14161  0.17
0.000016237767  0.000031622777  0.12738  0.13038  0.17044  0.23
0.000016237767  0.000023713737  0.12098  0.12469  0.19946  0.32
0.000016237767  0.000017782794  0.11550  0.11972  0.22499  0.42
0.000016237767  0.000013335214  0.11069  0.11538  0.24796  0.56
0.000016237767  0.000010000000  0.10652  0.11174  0.26775  0.73
0.000016237767  0.000007498942  0.10297  0.10876  0.28410  0.92
0.000016237767  0.000005623413  0.09984  0.10626  0.29788  1.14
0.000016237767  0.000004216965  0.09700  0.10420  0.30926  1.41
0.000016237767  0.000003162278  0.09421  0.10239  0.31932  1.79
0.000016237767  0.000002371374  0.09133  0.10081  0.32802  2.29
0.000016237767  0.000001778279  0.08820  0.09950  0.33522  3.01
0.000016237767  0.000001333521  0.08466  0.09853  0.34046  4.01
0.000016237767  0.000001000000  0.08052  0.09805  0.34267  5.45
0.000016237767  0.000000749894  0.07576  0.09830  0.34027  7.45
0.000016237767  0.000000562341  0.07061  0.09943  0.33217  9.94
0.000016237767  0.000000421697  0.06554  0.10145  0.31821  12.73
0.000016237767  0.000000316228  0.06094  0.10419  0.29948  15.62
0.000016237767  0.000000237137  0.05705  0.10742  0.27740  18.35
0.000016237767  0.000000177828  0.05396  0.11089  0.25363  20.79
0.000016237767  0.000000133352  0.05159  0.11439  0.22961  22.87
0.000016237767  0.000000100000  0.04984  0.11771  0.20678  24.56
0.000011288379  0.000100000000  0.15136  0.15007  0.07464  0.05
0.000011288379  0.000074989421  0.14696  0.14657  0.09026  0.08
0.000011288379  0.000056234133  0.14053  0.14131  0.11539  0.11
0.000011288379  0.000042169650  0.13387  0.13584  0.14251  0.16
0.000011288379  0.000031622777  0.12723  0.13023  0.17081  0.23
0.000011288379  0.000023713737  0.12098  0.12473  0.19889  0.32
0.000011288379  0.000017782794  0.11521  0.11948  0.22618  0.41
0.000011288379  0.000013335214  0.11047  0.11520  0.24880  0.56
0.000011288379  0.000010000000  0.10644  0.11170  0.26784  0.73
0.000011288379  0.000007498942  0.10283  0.10866  0.28462  0.91
0.000011288379  0.000005623413  0.09975  0.10619  0.29823  1.14
0.000011288379  0.000004216965  0.09693  0.10415  0.30955  1.41
0.000011288379  0.000003162278  0.09420  0.10237  0.31941  1.78
0.000011288379  0.000002371374  0.09131  0.10079  0.32817  2.29
0.000011288379  0.000001778279  0.08818  0.09947  0.33538  3.01
0.000011288379  0.000001333521  0.08464  0.09850  0.34061  4.00
0.000011288379  0.000001000000  0.08050  0.09803  0.34276  5.44
0.000011288379  0.000000749894  0.07574  0.09829  0.34027  7.45
0.000011288379  0.000000562341  0.07060  0.09943  0.33215  9.93
0.000011288379  0.000000421697  0.06553  0.10146  0.31817  12.73
0.000011288379  0.000000316228  0.06094  0.10419  0.29947  15.62
0.000011288379  0.000000237137  0.05705  0.10742  0.27739  18.35
0.000011288379  0.000000177828  0.05396  0.11090  0.25362  20.79
0.000011288379  0.000000133352  0.05159  0.11439  0.22961  22.87
0.000011288379  0.000000100000  0.04984  0.11771  0.20677  24.56
0.000007847600  0.000100000000  0.14909  0.14827  0.07939  0.05
0.000007847600  0.000074989421  0.14533  0.14529  0.09348  0.07
0.000007847600  0.000056234133  0.13963  0.14058  0.11722  0.11
0.000007847600  0.000042169650  0.13321  0.13512  0.14497  0.16
0.000007847600  0.000031622777  0.12654  0.12947  0.17441  0.22
0.000007847600  0.000023713737  0.12053  0.12418  0.20160  0.31
0.000007847600  0.000017782794  0.11512  0.11934  0.22659  0.41
0.000007847600  0.000013335214  0.11034  0.11508  0.24925  0.55
0.000007847600  0.000010000000  0.10621  0.11150  0.26878  0.72
0.000007847600  0.000007498942  0.10265  0.10852  0.28526  0.90
0.000007847600  0.000005623413  0.09963  0.10610  0.29858  1.13
0.000007847600  0.000004216965  0.09687  0.10410  0.30968  1.40
0.000007847600  0.000003162278  0.09409  0.10230  0.31974  1.77
0.000007847600  0.000002371374  0.09124  0.10073  0.32842  2.28
0.000007847600  0.000001778279  0.08814  0.09944  0.33553  3.00
0.000007847600  0.000001333521  0.08462  0.09848  0.34072  4.00
0.000007847600  0.000001000000  0.08049  0.09801  0.34288  5.44
0.000007847600  0.000000749894  0.07573  0.09826  0.34042  7.45
0.000007847600  0.000000562341  0.07059  0.09941  0.33226  9.93
0.000007847600  0.000000421697  0.06551  0.10143  0.31825  12.72
0.000007847600  0.000000316228  0.06092  0.10418  0.29949  15.62
0.000007847600  0.000000237137  0.05704  0.10741  0.27741  18.35
0.000007847600  0.000000177828  0.05395  0.11089  0.25361  20.79
0.000007847600  0.000000133352  0.05158  0.11439  0.22960  22.87
0.000007847600  0.000000100000  0.04983  0.11770  0.20676  24.56
0.000005455595  0.000100000000  0.14504  0.14533  0.08905  0.04
0.000005455595  0.000074989421  0.14194  0.14282  0.10149  0.07
0.000005455595  0.000056234133  0.13713  0.13869  0.12330  0.10
0.000005455595  0.000042169650  0.13176  0.13390  0.14914  0.14
0.000005455595  0.000031622777  0.12551  0.12828  0.17913  0.20
0.000005455595  0.000023713737  0.12002  0.12350  0.20455  0.30
0.000005455595  0.000017782794  0.11429  0.11842  0.23152  0.39
0.000005455595  0.000013335214  0.10987  0.11456  0.25162  0.55
0.000005455595  0.000010000000  0.10579  0.11107  0.27076  0.71
0.000005455595  0.000007498942  0.10227  0.10813  0.28703  0.88
0.000005455595  0.000005623413  0.09925  0.10577  0.30018  1.11
0.000005455595  0.000004216965  0.09661  0.10387  0.31066  1.40
0.000005455595  0.000003162278  0.09388  0.10212  0.32047  1.77
0.000005455595  0.000002371374  0.09108  0.10058  0.32899  2.28
0.000005455595  0.000001778279  0.08799  0.09928  0.33614  3.00
0.000005455595  0.000001333521  0.08446  0.09832  0.34134  3.99
0.000005455595  0.000001000000  0.08033  0.09786  0.34345  5.44
0.000005455595  0.000000749894  0.07558  0.09813  0.34093  7.44
0.000005455595  0.000000562341  0.07045  0.09929  0.33274  9.92
0.000005455595  0.000000421697  0.06539  0.10131  0.31877  12.72
0.000005455595  0.000000316228  0.06079  0.10406  0.30000  15.62
0.000005455595  0.000000237137  0.05691  0.10729  0.27789  18.34
0.000005455595  0.000000177828  0.05382  0.11077  0.25406  20.79
0.000005455595  0.000000133352  0.05146  0.11427  0.23002  22.87
0.000005455595  0.000000100000  0.04971  0.11759  0.20718  24.56
0.000003792690  0.000100000000  0.13927  0.14119  0.10495  0.04
0.000003792690  0.000074989421  0.13670  0.13905  0.11580  0.06
0.000003792690  0.000056234133  0.13293  0.13569  0.13414  0.09
0.000003792690  0.000042169650  0.12894  0.13190  0.15549  0.13
0.000003792690  0.000031622777  0.12417  0.12729  0.18149  0.18
0.000003792690  0.000023713737  0.11876  0.12221  0.20979  0.27
0.000003792690  0.000017782794  0.11330  0.11727  0.23672  0.38
0.000003792690  0.000013335214  0.11027  0.11471  0.24960  0.59
0.000003792690  0.000010000000  0.10473  0.10998  0.27641  0.67
0.000003792690  0.000007498942  0.10143  0.10731  0.29101  0.84
0.000003792690  0.000005623413  0.09867  0.10521  0.30271  1.08
0.000003792690  0.000004216965  0.09602  0.10337  0.31313  1.36
0.000003792690  0.000003162278  0.09344  0.10176  0.32216  1.74
0.000003792690  0.000002371374  0.09074  0.10032  0.33021  2.27
0.000003792690  0.000001778279  0.08775  0.09906  0.33710  2.99
0.000003792690  0.000001333521  0.08424  0.09811  0.34231  3.99
0.000003792690  0.000001000000  0.08012  0.09766  0.34441  5.43
0.000003792690  0.000000749894  0.07538  0.09794  0.34187  7.44
0.000003792690  0.000000562341  0.07025  0.09910  0.33365  9.92
0.000003792690  0.000000421697  0.06518  0.10114  0.31957  12.72
0.000003792690  0.000000316228  0.06059  0.10390  0.30075  15.62
0.000003792690  0.000000237137  0.05672  0.10714  0.27864  18.34
0.000003792690  0.000000177828  0.05363  0.11062  0.25485  20.79
0.000003792690  0.000000133352  0.05127  0.11412  0.23082  22.87
0.000003792690  0.000000100000  0.04952  0.11744  0.20796  24.56
0.000002636651  0.000100000000  0.13193  0.13588  0.12752  0.03
0.000002636651  0.000074989421  0.13031  0.13450  0.13480  0.05
0.000002636651  0.000056234133  0.12742  0.13177  0.15029  0.08
0.000002636651  0.000042169650  0.12413  0.12844  0.16977  0.11
0.000002636651  0.000031622777  0.12065  0.12478  0.19096  0.15
0.000002636651  0.000023713737  0.11710  0.12120  0.21209  0.24
0.000002636651  0.000017782794  0.11253  0.11672  0.23848  0.33
0.000002636651  0.000013335214  0.10870  0.11338  0.25657  0.53
0.000002636651  0.000010000000  0.10425  0.10952  0.27847  0.66
0.000002636651  0.000007498942  0.10094  0.10680  0.29344  0.83
0.000002636651  0.000005623413  0.09811  0.10465  0.30526  1.05
0.000002636651  0.000004216965  0.09554  0.10288  0.31517  1.32
0.000002636651  0.000003162278  0.09299  0.10134  0.32396  1.70
0.000002636651  0.000002371374  0.09033  0.09995  0.33181  2.23
0.000002636651  0.000001778279  0.08737  0.09874  0.33852  2.97
0.000002636651  0.000001333521  0.08399  0.09787  0.34327  3.99
0.000002636651  0.000001000000  0.07995  0.09744  0.34529  5.42
0.000002636651  0.000000749894  0.07521  0.09774  0.34270  7.43
0.000002636651  0.000000562341  0.07009  0.09893  0.33440  9.91
0.000002636651  0.000000421697  0.06503  0.10099  0.32027  12.72
0.000002636651  0.000000316228  0.06045  0.10376  0.30141  15.61
0.000002636651  0.000000237137  0.05658  0.10700  0.27930  18.34
0.000002636651  0.000000177828  0.05349  0.11049  0.25544  20.79
0.000002636651  0.000000133352  0.05113  0.11400  0.23138  22.87
0.000002636651  0.000000100000  0.04938  0.11732  0.20849  24.56
0.000001832981  0.000100000000  0.12345  0.12968  0.15609  0.02
0.000001832981  0.000074989421  0.12292  0.12923  0.15845  0.03
0.000001832981  0.000056234133  0.12155  0.12789  0.16630  0.05
0.000001832981  0.000042169650  0.11917  0.12513  0.18350  0.08
0.000001832981  0.000031622777  0.11613  0.12160  0.20480  0.13
0.000001832981  0.000023713737  0.11355  0.11867  0.22230  0.19
0.000001832981  0.000017782794  0.11062  0.11567  0.24140  0.29
0.000001832981  0.000013335214  0.10709  0.11216  0.26272  0.43
0.000001832981  0.000010000000  0.10397  0.10946  0.27749  0.66
0.000001832981  0.000007498942  0.10019  0.10632  0.29610  0.81
0.000001832981  0.000005623413  0.09756  0.10418  0.30762  1.01
0.000001832981  0.000004216965  0.09502  0.10232  0.31785  1.28
0.000001832981  0.000003162278  0.09256  0.10078  0.32648  1.65
0.000001832981  0.000002371374  0.08986  0.09938  0.33444  2.18
0.000001832981  0.000001778279  0.08690  0.09827  0.34080  2.93
0.000001832981  0.000001333521  0.08366  0.09750  0.34504  3.98
0.000001832981  0.000001000000  0.07970  0.09712  0.34670  5.41
0.000001832981  0.000000749894  0.07503  0.09743  0.34402  7.42
0.000001832981  0.000000562341  0.06992  0.09862  0.33569  9.91
0.000001832981  0.000000421697  0.06486  0.10071  0.32146  12.71
0.000001832981  0.000000316228  0.06028  0.10351  0.30249  15.60
0.000001832981  0.000000237137  0.05641  0.10679  0.28023  18.33
0.000001832981  0.000000177828  0.05333  0.11031  0.25628  20.77
0.000001832981  0.000000133352  0.05097  0.11383  0.23219  22.86
0.000001832981  0.000000100000  0.04923  0.11715  0.20934  24.56
0.000001274275  0.000100000000  0.11567  0.12433  0.18195  0.01
0.000001274275  0.000074989421  0.11555  0.12421  0.18252  0.02
0.000001274275  0.000056234133  0.11491  0.12355  0.18648  0.03
0.000001274275  0.000042169650  0.11399  0.12239  0.19383  0.05
0.000001274275  0.000031622777  0.11256  0.12023  0.20768  0.09
0.000001274275  0.000023713737  0.10939  0.11595  0.23488  0.17
0.000001274275  0.000017782794  0.10751  0.11382  0.24857  0.23
0.000001274275  0.000013335214  0.10512  0.11120  0.26568  0.35
0.000001274275  0.000010000000  0.10238  0.10855  0.28243  0.53
0.000001274275  0.000007498942  0.09965  0.10613  0.29622  0.79
0.000001274275  0.000005623413  0.09672  0.10368  0.31078  0.98
0.000001274275  0.000004216965  0.09450  0.10194  0.32009  1.25
0.000001274275  0.000003162278  0.09210  0.10029  0.32896  1.62
0.000001274275  0.000002371374  0.08950  0.09887  0.33693  2.12
0.000001274275  0.000001778279  0.08656  0.09770  0.34348  2.86
0.000001274275  0.000001333521  0.08318  0.09692  0.34775  3.93
0.000001274275  0.000001000000  0.07929  0.09666  0.34885  5.38
0.000001274275  0.000000749894  0.07475  0.09706  0.34570  7.39
0.000001274275  0.000000562341  0.06970  0.09833  0.33696  9.89
0.000001274275  0.000000421697  0.06468  0.10042  0.32270  12.70
0.000001274275  0.000000316228  0.06012  0.10322  0.30371  15.59
0.000001274275  0.000000237137  0.05625  0.10650  0.28143  18.32
0.000001274275  0.000000177828  0.05317  0.11002  0.25746  20.77
0.000001274275  0.000000133352  0.05082  0.11355  0.23330  22.86
0.000001274275  0.000000100000  0.04907  0.11690  0.21038  24.56
0.000000885867  0.000100000000  0.10927  0.12027  0.20159  0.01
0.000000885867  0.000074989421  0.10925  0.12024  0.20173  0.01
0.000000885867  0.000056234133  0.10902  0.12000  0.20332  0.02
0.000000885867  0.000042169650  0.10852  0.11934  0.20772  0.03
0.000000885867  0.000031622777  0.10780  0.11823  0.21509  0.05
0.000000885867  0.000023713737  0.10642  0.11587  0.23081  0.10
0.000000885867  0.000017782794  0.10362  0.11160  0.25879  0.19
0.000000885867  0.000013335214  0.10224  0.10986  0.27025  0.28
0.000000885867  0.000010000000  0.10036  0.10766  0.28490  0.43
0.000000885867  0.000007498942  0.09802  0.10527  0.30027  0.64
0.000000885867  0.000005623413  0.09571  0.10320  0.31335  0.90
0.000000885867  0.000004216965  0.09363  0.10147  0.32308  1.18
0.000000885867  0.000003162278  0.09142  0.09983  0.33195  1.55
0.000000885867  0.000002371374  0.08893  0.09831  0.34010  2.06
0.000000885867  0.000001778279  0.08612  0.09711  0.34657  2.80
0.000000885867  0.000001333521  0.08284  0.09630  0.35095  3.84
0.000000885867  0.000001000000  0.07891  0.09604  0.35198  5.33
0.000000885867  0.000000749894  0.07433  0.09651  0.34839  7.33
0.000000885867  0.000000562341  0.06941  0.09784  0.33930  9.85
0.000000885867  0.000000421697  0.06442  0.10001  0.32459  12.68
0.000000885867  0.000000316228  0.05989  0.10288  0.30525  15.58
0.000000885867  0.000000237137  0.05607  0.10619  0.28282  18.31
0.000000885867  0.000000177828  0.05300  0.10973  0.25875  20.77
0.000000885867  0.000000133352  0.05065  0.11327  0.23454  22.86
0.000000885867  0.000000100000  0.04892  0.11661  0.21161  24.56
0.000000615848  0.000100000000  0.10423  0.11712  0.21666  0.00
0.000000615848  0.000074989421  0.10421  0.11710  0.21677  0.01
0.000000615848  0.000056234133  0.10408  0.11695  0.21777  0.01
0.000000615848  0.000042169650  0.10372  0.11648  0.22102  0.02
0.000000615848  0.000031622777  0.10320  0.11571  0.22627  0.04
0.000000615848  0.000023713737  0.10244  0.11447  0.23459  0.06
0.000000615848  0.000017782794  0.10135  0.11265  0.24717  0.11
0.000000615848  0.000013335214  0.09887  0.10844  0.27647  0.22
0.000000615848  0.000010000000  0.09748  0.10653  0.28914  0.34
0.000000615848  0.000007498942  0.09597  0.10462  0.30197  0.51
0.000000615848  0.000005623413  0.09408  0.10253  0.31561  0.77
0.000000615848  0.000004216965  0.09229  0.10080  0.32652  1.08
0.000000615848  0.000003162278  0.09029  0.09923  0.33563  1.46
0.000000615848  0.000002371374  0.08806  0.09780  0.34340  1.96
0.000000615848  0.000001778279  0.08543  0.09655  0.34991  2.69
0.000000615848  0.000001333521  0.08230  0.09569  0.35431  3.75
0.000000615848  0.000001000000  0.07849  0.09541  0.35530  5.24
0.000000615848  0.000000749894  0.07400  0.09587  0.35175  7.27
0.000000615848  0.000000562341  0.06903  0.09723  0.34239  9.78
0.000000615848  0.000000421697  0.06407  0.09945  0.32735  12.63
0.000000615848  0.000000316228  0.05959  0.10237  0.30772  15.54
0.000000615848  0.000000237137  0.05580  0.10574  0.28500  18.30
0.000000615848  0.000000177828  0.05275  0.10932  0.26067  20.74
0.000000615848  0.000000133352  0.05042  0.11291  0.23619  22.86
0.000000615848  0.000000100000  0.04870  0.11628  0.21310  24.55
0.000000428133  0.000100000000  0.10000  0.11464  0.22852  0.00
0.000000428133  0.000074989421  0.09998  0.11462  0.22862  0.00
0.000000428133  0.000056234133  0.09987  0.11450  0.22939  0.01
0.000000428133  0.000042169650  0.09954  0.11411  0.23213  0.02
0.000000428133  0.000031622777  0.09910  0.11351  0.23634  0.03
0.000000428133  0.000023713737  0.09852  0.11266  0.24222  0.05
0.000000428133  0.000017782794  0.09767  0.11132  0.25156  0.09
0.000000428133  0.000013335214  0.09657  0.10955  0.26424  0.15
0.000000428133  0.000010000000  0.09524  0.10745  0.27959  0.23
0.000000428133  0.000007498942  0.09292  0.10381  0.30505  0.40
0.000000428133  0.000005623413  0.09169  0.10222  0.31569  0.61
0.000000428133  0.000004216965  0.09008  0.10036  0.32774  0.92
0.000000428133  0.000003162278  0.08833  0.09867  0.33841  1.33
0.000000428133  0.000002371374  0.08643  0.09723  0.34676  1.82
0.000000428133  0.000001778279  0.08417  0.09602  0.35325  2.54
0.000000428133  0.000001333521  0.08129  0.09512  0.35778  3.60
0.000000428133  0.000001000000  0.07769  0.09481  0.35881  5.10
0.000000428133  0.000000749894  0.07335  0.09525  0.35515  7.15
0.000000428133  0.000000562341  0.06852  0.09659  0.34584  9.69
0.000000428133  0.000000421697  0.06364  0.09880  0.33082  12.57
0.000000428133  0.000000316228  0.05918  0.10174  0.31096  15.48
0.000000428133  0.000000237137  0.05539  0.10517  0.28777  18.26
0.000000428133  0.000000177828  0.05237  0.10881  0.26310  20.72
0.000000428133  0.000000133352  0.05006  0.11243  0.23851  22.84
0.000000428133  0.000000100000  0.04835  0.11583  0.21526  24.53
0.000000297635  0.000100000000  0.09579  0.11259  0.23865  0.00
0.000000297635  0.000074989421  0.09576  0.11257  0.23875  0.00
0.000000297635  0.000056234133  0.09567  0.11249  0.23927  0.01
0.000000297635  0.000042169650  0.09534  0.11216  0.24158  0.02
0.000000297635  0.000031622777  0.09491  0.11166  0.24511  0.03
0.000000297635  0.000023713737  0.09439  0.11100  0.24980  0.04
0.000000297635  0.000017782794  0.09369  0.11002  0.25676  0.08
0.000000297635  0.000013335214  0.09274  0.10864  0.26670  0.12
0.000000297635  0.000010000000  0.09163  0.10701  0.27886  0.20
0.000000297635  0.000007498942  0.09039  0.10523  0.29212  0.30
0.000000297635  0.000005623413  0.08893  0.10318  0.30701  0.45
0.000000297635  0.000004216965  0.08675  0.10019  0.32760  0.73
0.000000297635  0.000003162278  0.08538  0.09870  0.33728  1.12
0.000000297635  0.000002371374  0.08361  0.09715  0.34692  1.65
0.000000297635  0.000001778279  0.08165  0.09590  0.35413  2.34
0.000000297635  0.000001333521  0.07920  0.09492  0.35917  3.37
0.000000297635  0.000001000000  0.07604  0.09449  0.36079  4.84
0.000000297635  0.000000749894  0.07202  0.09485  0.35757  6.88
0.000000297635  0.000000562341  0.06740  0.09612  0.34853  9.46
0.000000297635  0.000000421697  0.06268  0.09828  0.33374  12.38
0.000000297635  0.000000316228  0.05833  0.10118  0.31400  15.33
0.000000297635  0.000000237137  0.05462  0.10458  0.29083  18.14
0.000000297635  0.000000177828  0.05164  0.10822  0.26608  20.63
0.000000297635  0.000000133352  0.04936  0.11185  0.24130  22.78
0.000000297635  0.000000100000  0.04766  0.11529  0.21773  24.51
0.000000206914  0.000100000000  0.09085  0.11107  0.24621  0.00
0.000000206914  0.000074989421  0.09081  0.11106  0.24627  0.00
0.000000206914  0.000056234133  0.09072  0.11102  0.24655  0.01
0.000000206914  0.000042169650  0.09038  0.11078  0.24829  0.01
0.000000206914  0.000031622777  0.08994  0.11040  0.25105  0.02
0.000000206914  0.000023713737  0.08944  0.10991  0.25468  0.04
0.000000206914  0.000017782794  0.08881  0.10920  0.25986  0.07
0.000000206914  0.000013335214  0.08797  0.10816  0.26753  0.11
0.000000206914  0.000010000000  0.08697  0.10684  0.27757  0.17
0.000000206914  0.000007498942  0.08587  0.10536  0.28885  0.26
0.000000206914  0.000005623413  0.08469  0.10378  0.30068  0.39
0.000000206914  0.000004216965  0.08334  0.10204  0.31329  0.57
0.000000206914  0.000003162278  0.08139  0.09967  0.32981  0.87
0.000000206914  0.000002371374  0.07957  0.09782  0.34200  1.35
0.000000206914  0.000001778279  0.07785  0.09660  0.34961  2.05
0.000000206914  0.000001333521  0.07566  0.09555  0.35558  3.05
0.000000206914  0.000001000000  0.07293  0.09499  0.35797  4.44
0.000000206914  0.000000749894  0.06943  0.09516  0.35567  6.40
0.000000206914  0.000000562341  0.06518  0.09627  0.34744  9.00
0.000000206914  0.000000421697  0.06072  0.09831  0.33323  11.95
0.000000206914  0.000000316228  0.05653  0.10110  0.31404  14.99
0.000000206914  0.000000237137  0.05294  0.10442  0.29135  17.87
0.000000206914  0.000000177828  0.05004  0.10802  0.26675  20.43
0.000000206914  0.000000133352  0.04780  0.11163  0.24195  22.61
0.000000206914  0.000000100000  0.04614  0.11507  0.21835  24.37
0.000000143845  0.000100000000  0.08444  0.11054  0.24861  0.00
0.000000143845  0.000074989421  0.08440  0.11054  0.24859  0.00
0.000000143845  0.000056234133  0.08432  0.11053  0.24866  0.01
0.000000143845  0.000042169650  0.08398  0.11041  0.24955  0.01
0.000000143845  0.000031622777  0.08352  0.11017  0.25137  0.02
0.000000143845  0.000023713737  0.08301  0.10983  0.25398  0.03
0.000000143845  0.000017782794  0.08243  0.10936  0.25758  0.06
0.000000143845  0.000013335214  0.08168  0.10862  0.26314  0.09
0.000000143845  0.000010000000  0.08077  0.10758  0.27107  0.15
0.000000143845  0.000007498942  0.07976  0.10633  0.28074  0.22
0.000000143845  0.000005623413  0.07869  0.10498  0.29119  0.33
0.000000143845  0.000004216965  0.07753  0.10351  0.30211  0.49
0.000000143845  0.000003162278  0.07622  0.10191  0.31351  0.72
0.000000143845  0.000002371374  0.07465  0.10019  0.32532  1.08
0.000000143845  0.000001778279  0.07262  0.09841  0.33722  1.67
0.000000143845  0.000001333521  0.07059  0.09719  0.34482  2.54
0.000000143845  0.000001000000  0.06832  0.09653  0.34833  3.87
0.000000143845  0.000000749894  0.06530  0.09650  0.34734  5.69
0.000000143845  0.000000562341  0.06151  0.09740  0.34027  8.17
0.000000143845  0.000000421697  0.05736  0.09925  0.32695  11.16
0.000000143845  0.000000316228  0.05337  0.10193  0.30836  14.28
0.000000143845  0.000000237137  0.04991  0.10517  0.28601  17.29
0.000000143845  0.000000177828  0.04707  0.10874  0.26147  19.99
0.000000143845  0.000000133352  0.04487  0.11239  0.23638  22.23
0.000000143845  0.000000100000  0.04322  0.11587  0.21241  24.08
0.000000100000  0.000100000000  0.07660  0.11150  0.24163  0.00
0.000000100000  0.000074989421  0.07654  0.11152  0.24151  0.00
0.000000100000  0.000056234133  0.07648  0.11153  0.24144  0.00
0.000000100000  0.000042169650  0.07619  0.11152  0.24151  0.01
0.000000100000  0.000031622777  0.07575  0.11143  0.24232  0.02
0.000000100000  0.000023713737  0.07525  0.11125  0.24384  0.03
0.000000100000  0.000017782794  0.07470  0.11096  0.24610  0.05
0.000000100000  0.000013335214  0.07404  0.11050  0.24973  0.08
0.000000100000  0.000010000000  0.07323  0.10977  0.25538  0.13
0.000000100000  0.000007498942  0.07230  0.10877  0.26325  0.19
0.000000100000  0.000005623413  0.07131  0.10761  0.27234  0.28
0.000000100000  0.000004216965  0.07027  0.10631  0.28227  0.42
0.000000100000  0.000003162278  0.06913  0.10488  0.29272  0.62
0.000000100000  0.000002371374  0.06785  0.10337  0.30337  0.91
0.000000100000  0.000001778279  0.06633  0.10184  0.31383  1.36
0.000000100000  0.000001333521  0.06447  0.10043  0.32317  2.08
0.000000100000  0.000001000000  0.06223  0.09943  0.32938  3.19
0.000000100000  0.000000749894  0.05965  0.09913  0.33045  4.80
0.000000100000  0.000000562341  0.05644  0.09973  0.32522  7.08
0.000000100000  0.000000421697  0.05266  0.10137  0.31310  9.97
0.000000100000  0.000000316228  0.04887  0.10393  0.29493  13.14
0.000000100000  0.000000237137  0.04548  0.10719  0.27217  16.30
0.000000100000  0.000000177828  0.04268  0.11080  0.24713  19.16
0.000000100000  0.000000133352  0.04046  0.11457  0.22104  21.58
0.000000100000  0.000000100000  0.03876  0.11828  0.19541  23.56
