lambda_A  lambda_rho  MSE  MSE-val  R^2-val  Sparsity
0.000100000000  0.000100000000  0.09901  0.11018  0.26694  2.32
0.000100000000  0.000074989421  0.09510  0.10715  0.28512  2.67
0.000100000000  0.000056234133  0.09095  0.10398  0.30503  3.14
0.000100000000  0.000042169650  0.08701  0.10138  0.32169  3.78
0.000100000000  0.000031622777  0.08306  0.09952  0.33361  4.74
0.000100000000  0.000023713737  0.07866  0.09862  0.33922  6.13
0.000100000000  0.000017782794  0.07369  0.09882  0.33743  8.13
0.000100000000  0.000013335214  0.06847  0.10014  0.32824  10.67
0.000100000000  0.000010000000  0.06349  0.10243  0.31262  13.51
0.000100000000  0.000007498942  0.05913  0.10543  0.29219  16.38
0.000100000000  0.000005623413  0.05557  0.10885  0.26884  19.07
0.000100000000  0.000004216965  0.05281  0.11239  0.24452  21.45
0.000100000000  0.000003162278  0.05073  0.11586  0.22062  23.42
0.000100000000  0.000002371374  0.04922  0.11907  0.19845  24.99
0.000100000000  0.000001778279  0.04813  0.12190  0.17883  26.25
0.000100000000  0.000001333521  0.04736  0.12431  0.16209  27.24
0.000100000000  0.000001000000  0.04680  0.12630  0.14822  27.99
0.000100000000  0.000000749894  0.04641  0.12791  0.13696  28.58
0.000100000000  0.000000562341  0.04612  0.12919  0.12799  29.01
0.000100000000  0.000000421697  0.04592  0.13020  0.12093  29.33
0.000100000000  0.000000316228  0.04577  0.13098  0.11544  29.56
0.000100000000  0.000000237137  0.04566  0.13158  0.11125  29.73
0.000100000000  0.000000177828  0.04558  0.13204  0.10804  29.85
0.000100000000  0.000000133352  0.04552  0.13239  0.10558  29.94
0.000100000000  0.000000100000  0.04547  0.13266  0.10370  30.01
0.000069519280  0.000100000000  0.09731  0.10914  0.27506  1.93
0.000069519280  0.000074989421  0.09471  0.10717  0.28589  2.84
0.000069519280  0.000056234133  0.09088  0.10419  0.30411  3.19
0.000069519280  0.000042169650  0.08699  0.10153  0.32096  3.80
0.000069519280  0.000031622777  0.08304  0.09961  0.33319  4.74
0.000069519280  0.000023713737  0.07866  0.09867  0.33898  6.13
0.000069519280  0.000017782794  0.07369  0.09885  0.33727  8.12
0.000069519280  0.000013335214  0.06847  0.10016  0.32812  10.66
0.000069519280  0.000010000000  0.06348  0.10245  0.31252  13.51
0.000069519280  0.000007498942  0.05913  0.10545  0.29210  16.38
0.000069519280  0.000005623413  0.05557  0.10886  0.26878  19.07
0.000069519280  0.000004216965  0.05281  0.11240  0.24446  21.44
0.000069519280  0.000003162278  0.05073  0.11587  0.22059  23.42
0.000069519280  0.000002371374  0.04922  0.11908  0.19842  25.00
0.000069519280  0.000001778279  0.04813  0.12191  0.17879  26.25
0.000069519280  0.000001333521  0.04736  0.12431  0.16205  27.23
0.000069519280  0.000001000000  0.04680  0.12630  0.14818  27.99
0.000069519280  0.000000749894  0.04641  0.12792  0.13692  28.57
0.000069519280  0.000000562341  0.04612  0.12920  0.12795  29.01
0.000069519280  0.000000421697  0.04592  0.13020  0.12090  29.33
0.000069519280  0.000000316228  0.04577  0.13098  0.11545  29.57
0.000069519280  0.000000237137  0.04566  0.13159  0.11122  29.73
0.000069519280  0.000000177828  0.04558  0.13204  0.10800  29.85
0.000069519280  0.000000133352  0.04552  0.13239  0.10554  29.94
0.000069519280  0.000000100000  0.04547  0.13266  0.10366  30.01
0.000048329302  0.000100000000  0.09731  0.10914  0.27506  1.93
0.000048329302  0.000074989421  0.09471  0.10717  0.28588  2.84
0.000048329302  0.000056234133  0.09088  0.10419  0.30411  3.18
0.000048329302  0.000042169650  0.08699  0.10153  0.32095  3.80
0.000048329302  0.000031622777  0.08304  0.09961  0.33319  4.74
0.000048329302  0.000023713737  0.07866  0.09867  0.33897  6.13
0.000048329302  0.000017782794  0.07369  0.09885  0.33726  8.12
0.000048329302  0.000013335214  0.06847  0.10016  0.32812  10.66
0.000048329302  0.000010000000  0.06348  0.10245  0.31251  13.51
0.000048329302  0.000007498942  0.05913  0.10545  0.29210  16.38
0.000048329302  0.000005623413  0.05557  0.10886  0.26878  19.07
0.000048329302  0.000004216965  0.05281  0.11240  0.24446  21.44
0.000048329302  0.000003162278  0.05073  0.11587  0.22059  23.42
0.000048329302  0.000002371374  0.04922  0.11908  0.19841  24.99
0.000048329302  0.000001778279  0.04813  0.12191  0.17879  26.25
0.000048329302  0.000001333521  0.04736  0.12431  0.16205  27.23
0.000048329302  0.000001000000  0.04680  0.12630  0.14818  27.99
0.000048329302  0.000000749894  0.04641  0.12792  0.13692  28.58
0.000048329302  0.000000562341  0.04612  0.12920  0.12795  29.01
0.000048329302  0.000000421697  0.04592  0.13020  0.12090  29.33
0.000048329302  0.000000316228  0.04577  0.13098  0.11545  29.57
0.000048329302  0.000000237137  0.04566  0.13159  0.11122  29.73
0.000048329302  0.000000177828  0.04558  0.13204  0.10800  29.85
0.000048329302  0.000000133352  0.04552  0.13239  0.10554  29.94
0.000048329302  0.000000100000  0.04547  0.13266  0.10366  30.01
0.000033598183  0.000100000000  0.09731  0.10914  0.27506  1.93
0.000033598183  0.000074989421  0.09471  0.10717  0.28588  2.84
0.000033598183  0.000056234133  0.09088  0.10419  0.30410  3.18
0.000033598183  0.000042169650  0.08699  0.10153  0.32095  3.80
0.000033598183  0.000031622777  0.08304  0.09961  0.33319  4.74
0.000033598183  0.000023713737  0.07866  0.09867  0.33897  6.13
0.000033598183  0.000017782794  0.07369  0.09885  0.33726  8.12
0.000033598183  0.000013335214  0.06847  0.10016  0.32811  10.66
0.000033598183  0.000010000000  0.06348  0.10245  0.31251  13.51
0.000033598183  0.000007498942  0.05913  0.10545  0.29210  16.38
0.000033598183  0.000005623413  0.05557  0.10886  0.26878  19.07
0.000033598183  0.000004216965  0.05281  0.11240  0.24445  21.44
0.000033598183  0.000003162278  0.05073  0.11587  0.22059  23.42
0.000033598183  0.000002371374  0.04922  0.11908  0.19841  25.00
0.000033598183  0.000001778279  0.04813  0.12191  0.17879  26.25
0.000033598183  0.000001333521  0.04736  0.12431  0.16205  27.23
0.000033598183  0.000001000000  0.04680  0.12630  0.14818  27.99
0.000033598183  0.000000749894  0.04641  0.12792  0.13692  28.58
0.000033598183  0.000000562341  0.04612  0.12920  0.12795  29.01
0.000033598183  0.000000421697  0.04592  0.13020  0.12090  29.33
0.000033598183  0.000000316228  0.04577  0.13098  0.11545  29.57
0.000033598183  0.000000237137  0.04566  0.13159  0.11122  29.73
0.000033598183  0.000000177828  0.04558  0.13204  0.10800  29.85
0.000033598183  0.000000133352  0.04552  0.13239  0.10554  29.94
0.000033598183  0.000000100000  0.04547  0.13266  0.10366  30.01
0.000023357215  0.000100000000  0.09731  0.10914  0.27506  1.93
0.000023357215  0.000074989421  0.09471  0.10717  0.28588  2.84
0.000023357215  0.000056234133  0.09088  0.10419  0.30410  3.18
0.000023357215  0.000042169650  0.08699  0.10153  0.32095  3.80
0.000023357215  0.000031622777  0.08304  0.09961  0.33319  4.74
0.000023357215  0.000023713737  0.07866  0.09867  0.33897  6.13
0.000023357215  0.000017782794  0.07369  0.09885  0.33726  8.12
0.000023357215  0.000013335214  0.06847  0.10016  0.32811  10.66
0.000023357215  0.000010000000  0.06348  0.10245  0.31251  13.51
0.000023357215  0.000007498942  0.05913  0.10545  0.29210  16.38
0.000023357215  0.000005623413  0.05557  0.10886  0.26878  19.07
0.000023357215  0.000004216965  0.05281  0.11240  0.24445  21.44
0.000023357215  0.000003162278  0.05073  0.11587  0.22059  23.42
0.000023357215  0.000002371374  0.04922  0.11908  0.19841  25.00
0.000023357215  0.000001778279  0.04813  0.12191  0.17879  26.25
0.000023357215  0.000001333521  0.04736  0.12431  0.16205  27.23
0.000023357215  0.000001000000  0.04680  0.12630  0.14818  27.99
0.000023357215  0.000000749894  0.04641  0.12792  0.13692  28.58
0.000023357215  0.000000562341  0.04612  0.12920  0.12795  29.01
0.000023357215  0.000000421697  0.04592  0.13020  0.12090  29.33
0.000023357215  0.000000316228  0.04577  0.13098  0.11545  29.57
0.000023357215  0.000000237137  0.04566  0.13159  0.11122  29.73
0.000023357215  0.000000177828  0.04558  0.13204  0.10800  29.85
0.000023357215  0.000000133352  0.04552  0.13239  0.10554  29.94
0.000023357215  0.000000100000  0.04547  0.13266  0.10366  30.01
0.000016237767  0.000100000000  0.09729  0.10913  0.27511  1.93
0.000016237767  0.000074989421  0.09470  0.10716  0.28594  2.84
0.000016237767  0.000056234133  0.09086  0.10418  0.30417  3.18
0.000016237767  0.000042169650  0.08698  0.10152  0.32099  3.79
0.000016237767  0.000031622777  0.08304  0.09961  0.33319  4.73
0.000016237767  0.000023713737  0.07866  0.09867  0.33897  6.13
0.000016237767  0.000017782794  0.07369  0.09885  0.33726  8.12
0.000016237767  0.000013335214  0.06847  0.10016  0.32811  10.66
0.000016237767  0.000010000000  0.06348  0.10245  0.31251  13.51
0.000016237767  0.000007498942  0.05913  0.10545  0.29210  16.38
0.000016237767  0.000005623413  0.05557  0.10886  0.26878  19.07
0.000016237767  0.000004216965  0.05281  0.11240  0.24445  21.44
0.000016237767  0.000003162278  0.05073  0.11587  0.22059  23.42
0.000016237767  0.000002371374  0.04922  0.11908  0.19841  24.99
0.000016237767  0.000001778279  0.04813  0.12191  0.17879  26.25
0.000016237767  0.000001333521  0.04736  0.12431  0.16205  27.23
0.000016237767  0.000001000000  0.04680  0.12630  0.14818  27.99
0.000016237767  0.000000749894  0.04641  0.12792  0.13692  28.58
0.000016237767  0.000000562341  0.04612  0.12920  0.12795  29.01
0.000016237767  0.000000421697  0.04592  0.13020  0.12090  29.33
0.000016237767  0.000000316228  0.04577  0.13098  0.11545  29.57
0.000016237767  0.000000237137  0.04566  0.13159  0.11122  29.73
0.000016237767  0.000000177828  0.04558  0.13204  0.10800  29.85
0.000016237767  0.000000133352  0.04552  0.13239  0.10554  29.94
0.000016237767  0.000000100000  0.04547  0.13266  0.10366  30.01
0.000011288379  0.000100000000  0.09727  0.10910  0.27522  1.93
0.000011288379  0.000074989421  0.09467  0.10713  0.28606  2.84
0.000011288379  0.000056234133  0.09085  0.10415  0.30430  3.18
0.000011288379  0.000042169650  0.08696  0.10149  0.32116  3.79
0.000011288379  0.000031622777  0.08302  0.09958  0.33334  4.73
0.000011288379  0.000023713737  0.07865  0.09866  0.33903  6.12
0.000011288379  0.000017782794  0.07368  0.09885  0.33727  8.11
0.000011288379  0.000013335214  0.06846  0.10016  0.32808  10.66
0.000011288379  0.000010000000  0.06349  0.10245  0.31250  13.51
0.000011288379  0.000007498942  0.05913  0.10545  0.29209  16.38
0.000011288379  0.000005623413  0.05557  0.10886  0.26877  19.07
0.000011288379  0.000004216965  0.05281  0.11240  0.24445  21.44
0.000011288379  0.000003162278  0.05074  0.11587  0.22058  23.42
0.000011288379  0.000002371374  0.04922  0.11908  0.19841  25.00
0.000011288379  0.000001778279  0.04813  0.12191  0.17879  26.25
0.000011288379  0.000001333521  0.04736  0.12431  0.16205  27.23
0.000011288379  0.000001000000  0.04680  0.12630  0.14818  27.99
0.000011288379  0.000000749894  0.04641  0.12792  0.13692  28.58
0.000011288379  0.000000562341  0.04612  0.12920  0.12795  29.01
0.000011288379  0.000000421697  0.04592  0.13021  0.12090  29.33
0.000011288379  0.000000316228  0.04577  0.13098  0.11545  29.57
0.000011288379  0.000000237137  0.04566  0.13159  0.11122  29.73
0.000011288379  0.000000177828  0.04558  0.13204  0.10800  29.85
0.000011288379  0.000000133352  0.04552  0.13239  0.10554  29.94
0.000011288379  0.000000100000  0.04547  0.13266  0.10366  30.01
0.000007847600  0.000100000000  0.09725  0.10908  0.27530  1.93
0.000007847600  0.000074989421  0.09466  0.10711  0.28615  2.84
0.000007847600  0.000056234133  0.09083  0.10413  0.30440  3.18
0.000007847600  0.000042169650  0.08695  0.10147  0.32126  3.79
0.000007847600  0.000031622777  0.08301  0.09956  0.33347  4.73
0.000007847600  0.000023713737  0.07863  0.09863  0.33919  6.13
0.000007847600  0.000017782794  0.07366  0.09882  0.33740  8.11
0.000007847600  0.000013335214  0.06845  0.10014  0.32816  10.66
0.000007847600  0.000010000000  0.06347  0.10244  0.31252  13.51
0.000007847600  0.000007498942  0.05911  0.10544  0.29209  16.37
0.000007847600  0.000005623413  0.05556  0.10885  0.26877  19.07
0.000007847600  0.000004216965  0.05280  0.11240  0.24445  21.45
0.000007847600  0.000003162278  0.05072  0.11587  0.22055  23.42
0.000007847600  0.000002371374  0.04921  0.11908  0.19839  24.99
0.000007847600  0.000001778279  0.04813  0.12190  0.17881  26.25
0.000007847600  0.000001333521  0.04735  0.12431  0.16206  27.23
0.000007847600  0.000001000000  0.04680  0.12630  0.14819  27.99
0.000007847600  0.000000749894  0.04640  0.12791  0.13693  28.57
0.000007847600  0.000000562341  0.04612  0.12919  0.12796  29.01
0.000007847600  0.000000421697  0.04591  0.13020  0.12091  29.33
0.000007847600  0.000000316228  0.04576  0.13098  0.11541  29.57
0.000007847600  0.000000237137  0.04565  0.13158  0.11123  29.73
0.000007847600  0.000000177828  0.04557  0.13204  0.10801  29.85
0.000007847600  0.000000133352  0.04551  0.13239  0.10555  29.94
0.000007847600  0.000000100000  0.04547  0.13266  0.10367  30.01
0.000005455595  0.000100000000  0.09713  0.10898  0.27570  1.92
0.000005455595  0.000074989421  0.09453  0.10700  0.28660  2.83
0.000005455595  0.000056234133  0.09071  0.10401  0.30486  3.18
0.000005455595  0.000042169650  0.08683  0.10135  0.32176  3.79
0.000005455595  0.000031622777  0.08289  0.09943  0.33401  4.73
0.000005455595  0.000023713737  0.07850  0.09851  0.33972  6.13
0.000005455595  0.000017782794  0.07354  0.09870  0.33790  8.11
0.000005455595  0.000013335214  0.06833  0.10002  0.32868  10.65
0.000005455595  0.000010000000  0.06334  0.10232  0.31303  13.50
0.000005455595  0.000007498942  0.05898  0.10532  0.29258  16.38
0.000005455595  0.000005623413  0.05543  0.10874  0.26921  19.07
0.000005455595  0.000004216965  0.05267  0.11228  0.24487  21.44
0.000005455595  0.000003162278  0.05060  0.11575  0.22100  23.43
0.000005455595  0.000002371374  0.04909  0.11896  0.19882  24.99
0.000005455595  0.000001778279  0.04800  0.12179  0.17920  26.25
0.000005455595  0.000001333521  0.04722  0.12420  0.16245  27.24
0.000005455595  0.000001000000  0.04667  0.12619  0.14858  28.00
0.000005455595  0.000000749894  0.04628  0.12780  0.13732  28.58
0.000005455595  0.000000562341  0.04599  0.12909  0.12835  29.01
0.000005455595  0.000000421697  0.04579  0.13009  0.12130  29.33
0.000005455595  0.000000316228  0.04564  0.13088  0.11580  29.57
0.000005455595  0.000000237137  0.04553  0.13147  0.11162  29.73
0.000005455595  0.000000177828  0.04545  0.13193  0.10840  29.86
0.000005455595  0.000000133352  0.04539  0.13228  0.10594  29.95
0.000005455595  0.000000100000  0.04534  0.13255  0.10406  30.01
0.000003792690  0.000100000000  0.09691  0.10879  0.27652  1.92
0.000003792690  0.000074989421  0.09431  0.10682  0.28741  2.82
0.000003792690  0.000056234133  0.09049  0.10382  0.30574  3.18
0.000003792690  0.000042169650  0.08662  0.10116  0.32266  3.78
0.000003792690  0.000031622777  0.08269  0.09924  0.33492  4.72
0.000003792690  0.000023713737  0.07831  0.09831  0.34064  6.13
0.000003792690  0.000017782794  0.07334  0.09852  0.33880  8.11
0.000003792690  0.000013335214  0.06812  0.09985  0.32953  10.66
0.000003792690  0.000010000000  0.06314  0.10216  0.31382  13.50
0.000003792690  0.000007498942  0.05879  0.10517  0.29335  16.38
0.000003792690  0.000005623413  0.05524  0.10859  0.27000  19.07
0.000003792690  0.000004216965  0.05248  0.11213  0.24567  21.44
0.000003792690  0.000003162278  0.05041  0.11560  0.22176  23.43
0.000003792690  0.000002371374  0.04890  0.11881  0.19958  24.99
0.000003792690  0.000001778279  0.04781  0.12164  0.17995  26.25
0.000003792690  0.000001333521  0.04704  0.12405  0.16324  27.24
0.000003792690  0.000001000000  0.04648  0.12605  0.14933  28.00
0.000003792690  0.000000749894  0.04609  0.12766  0.13807  28.58
0.000003792690  0.000000562341  0.04581  0.12894  0.12909  29.01
0.000003792690  0.000000421697  0.04560  0.12995  0.12204  29.33
0.000003792690  0.000000316228  0.04545  0.13073  0.11658  29.57
0.000003792690  0.000000237137  0.04534  0.13133  0.11235  29.74
0.000003792690  0.000000177828  0.04526  0.13179  0.10914  29.86
0.000003792690  0.000000133352  0.04520  0.13214  0.10668  29.95
0.000003792690  0.000000100000  0.04516  0.13241  0.10479  30.01
0.000002636651  0.000100000000  0.09669  0.10861  0.27717  1.92
0.000002636651  0.000074989421  0.09445  0.10691  0.28634  2.80
0.000002636651  0.000056234133  0.09028  0.10359  0.30685  3.07
0.000002636651  0.000042169650  0.08638  0.10092  0.32387  3.72
0.000002636651  0.000031622777  0.08247  0.09904  0.33587  4.69
0.000002636651  0.000023713737  0.07817  0.09814  0.34138  6.12
0.000002636651  0.000017782794  0.07320  0.09835  0.33954  8.10
0.000002636651  0.000013335214  0.06798  0.09970  0.33023  10.64
0.000002636651  0.000010000000  0.06300  0.10201  0.31452  13.51
0.000002636651  0.000007498942  0.05865  0.10503  0.29401  16.37
0.000002636651  0.000005623413  0.05510  0.10846  0.27062  19.07
0.000002636651  0.000004216965  0.05234  0.11201  0.24626  21.45
0.000002636651  0.000003162278  0.05027  0.11548  0.22235  23.43
0.000002636651  0.000002371374  0.04876  0.11869  0.20018  25.00
0.000002636651  0.000001778279  0.04768  0.12152  0.18056  26.25
0.000002636651  0.000001333521  0.04690  0.12393  0.16382  27.25
0.000002636651  0.000001000000  0.04635  0.12592  0.14994  27.99
0.000002636651  0.000000749894  0.04596  0.12753  0.13868  28.57
0.000002636651  0.000000562341  0.04567  0.12882  0.12970  29.01
0.000002636651  0.000000421697  0.04547  0.12982  0.12265  29.33
0.000002636651  0.000000316228  0.04532  0.13060  0.11719  29.57
0.000002636651  0.000000237137  0.04521  0.13121  0.11296  29.74
0.000002636651  0.000000177828  0.04513  0.13166  0.10975  29.86
0.000002636651  0.000000133352  0.04507  0.13202  0.10729  29.95
0.000002636651  0.000000100000  0.04502  0.13228  0.10541  30.02
0.000001832981  0.000100000000  0.09632  0.10844  0.27833  1.96
0.000001832981  0.000074989421  0.09418  0.10679  0.28715  2.60
0.000001832981  0.000056234133  0.09006  0.10343  0.30782  2.94
0.000001832981  0.000042169650  0.08606  0.10067  0.32524  3.64
0.000001832981  0.000031622777  0.08224  0.09882  0.33686  4.66
0.000001832981  0.000023713737  0.07790  0.09791  0.34238  6.08
0.000001832981  0.000017782794  0.07300  0.09813  0.34049  8.09
0.000001832981  0.000013335214  0.06782  0.09947  0.33123  10.64
0.000001832981  0.000010000000  0.06285  0.10179  0.31548  13.50
0.000001832981  0.000007498942  0.05849  0.10484  0.29490  16.36
0.000001832981  0.000005623413  0.05494  0.10829  0.27144  19.08
0.000001832981  0.000004216965  0.05219  0.11184  0.24710  21.44
0.000001832981  0.000003162278  0.05012  0.11531  0.22322  23.43
0.000001832981  0.000002371374  0.04861  0.11853  0.20102  25.01
0.000001832981  0.000001778279  0.04753  0.12136  0.18141  26.26
0.000001832981  0.000001333521  0.04675  0.12377  0.16468  27.25
0.000001832981  0.000001000000  0.04620  0.12576  0.15082  27.99
0.000001832981  0.000000749894  0.04581  0.12737  0.13952  28.57
0.000001832981  0.000000562341  0.04552  0.12866  0.13056  29.01
0.000001832981  0.000000421697  0.04532  0.12966  0.12351  29.34
0.000001832981  0.000000316228  0.04517  0.13044  0.11806  29.58
0.000001832981  0.000000237137  0.04506  0.13104  0.11384  29.74
0.000001832981  0.000000177828  0.04498  0.13150  0.11062  29.86
0.000001832981  0.000000133352  0.04492  0.13185  0.10816  29.96
0.000001832981  0.000000100000  0.04488  0.13212  0.10628  30.02
0.000001274275  0.000100000000  0.09661  0.10877  0.27624  1.81
0.000001274275  0.000074989421  0.09413  0.10677  0.28723  2.22
0.000001274275  0.000056234133  0.09003  0.10333  0.30824  2.76
0.000001274275  0.000042169650  0.08590  0.10043  0.32637  3.54
0.000001274275  0.000031622777  0.08196  0.09852  0.33835  4.58
0.000001274275  0.000023713737  0.07773  0.09764  0.34360  6.05
0.000001274275  0.000017782794  0.07280  0.09785  0.34169  8.06
0.000001274275  0.000013335214  0.06763  0.09920  0.33239  10.63
0.000001274275  0.000010000000  0.06268  0.10152  0.31665  13.49
0.000001274275  0.000007498942  0.05833  0.10456  0.29608  16.36
0.000001274275  0.000005623413  0.05479  0.10801  0.27262  19.07
0.000001274275  0.000004216965  0.05203  0.11158  0.24820  21.44
0.000001274275  0.000003162278  0.04997  0.11507  0.22423  23.43
0.000001274275  0.000002371374  0.04846  0.11830  0.20200  25.01
0.000001274275  0.000001778279  0.04738  0.12114  0.18237  26.26
0.000001274275  0.000001333521  0.04660  0.12356  0.16558  27.25
0.000001274275  0.000001000000  0.04605  0.12556  0.15171  28.00
0.000001274275  0.000000749894  0.04566  0.12717  0.14045  28.57
0.000001274275  0.000000562341  0.04538  0.12846  0.13148  29.02
0.000001274275  0.000000421697  0.04517  0.12947  0.12442  29.33
0.000001274275  0.000000316228  0.04502  0.13025  0.11893  29.58
0.000001274275  0.000000237137  0.04491  0.13085  0.11474  29.74
0.000001274275  0.000000177828  0.04483  0.13131  0.11149  29.86
0.000001274275  0.000000133352  0.04477  0.13166  0.10903  29.95
0.000001274275  0.000000100000  0.04473  0.13192  0.10719  30.02
0.000000885867  0.000100000000  0.09740  0.10965  0.27169  1.54
0.000000885867  0.000074989421  0.09467  0.10726  0.28449  1.93
0.000000885867  0.000056234133  0.09013  0.10331  0.30847  2.55
0.000000885867  0.000042169650  0.08572  0.10004  0.32855  3.38
0.000000885867  0.000031622777  0.08161  0.09800  0.34101  4.45
0.000000885867  0.000023713737  0.07732  0.09714  0.34601  5.97
0.000000885867  0.000017782794  0.07247  0.09743  0.34362  8.01
0.000000885867  0.000013335214  0.06742  0.09881  0.33418  10.59
0.000000885867  0.000010000000  0.06247  0.10118  0.31818  13.48
0.000000885867  0.000007498942  0.05816  0.10424  0.29752  16.34
0.000000885867  0.000005623413  0.05462  0.10771  0.27395  19.05
0.000000885867  0.000004216965  0.05187  0.11128  0.24950  21.44
0.000000885867  0.000003162278  0.04981  0.11477  0.22549  23.42
0.000000885867  0.000002371374  0.04830  0.11801  0.20323  25.01
0.000000885867  0.000001778279  0.04722  0.12085  0.18358  26.26
0.000000885867  0.000001333521  0.04645  0.12327  0.16680  27.26
0.000000885867  0.000001000000  0.04590  0.12527  0.15289  27.99
0.000000885867  0.000000749894  0.04551  0.12689  0.14164  28.58
0.000000885867  0.000000562341  0.04522  0.12818  0.13262  29.01
0.000000885867  0.000000421697  0.04502  0.12919  0.12557  29.33
0.000000885867  0.000000316228  0.04487  0.12998  0.12007  29.57
0.000000885867  0.000000237137  0.04476  0.13058  0.11584  29.74
0.000000885867  0.000000177828  0.04468  0.13104  0.11263  29.86
0.000000885867  0.000000133352  0.04462  0.13139  0.11017  29.95
0.000000885867  0.000000100000  0.04458  0.13165  0.10833  30.01
0.000000615848  0.000100000000  0.09718  0.10974  0.27138  1.38
0.000000615848  0.000074989421  0.09671  0.10933  0.27316  2.92
0.000000615848  0.000056234133  0.09089  0.10399  0.30430  2.66
0.000000615848  0.000042169650  0.08546  0.09977  0.33034  3.31
0.000000615848  0.000031622777  0.08130  0.09759  0.34346  4.38
0.000000615848  0.000023713737  0.07699  0.09665  0.34876  5.90
0.000000615848  0.000017782794  0.07222  0.09690  0.34653  7.96
0.000000615848  0.000013335214  0.06708  0.09831  0.33682  10.55
0.000000615848  0.000010000000  0.06217  0.10072  0.32055  13.45
0.000000615848  0.000007498942  0.05791  0.10381  0.29969  16.32
0.000000615848  0.000005623413  0.05439  0.10732  0.27589  19.05
0.000000615848  0.000004216965  0.05166  0.11093  0.25123  21.43
0.000000615848  0.000003162278  0.04961  0.11445  0.22709  23.42
0.000000615848  0.000002371374  0.04811  0.11769  0.20475  25.02
0.000000615848  0.000001778279  0.04704  0.12054  0.18506  26.26
0.000000615848  0.000001333521  0.04627  0.12297  0.16822  27.25
0.000000615848  0.000001000000  0.04572  0.12497  0.15429  28.00
0.000000615848  0.000000749894  0.04533  0.12659  0.14299  28.58
0.000000615848  0.000000562341  0.04505  0.12788  0.13401  29.02
0.000000615848  0.000000421697  0.04484  0.12890  0.12691  29.34
0.000000615848  0.000000316228  0.04469  0.12968  0.12145  29.57
0.000000615848  0.000000237137  0.04458  0.13028  0.11722  29.73
0.000000615848  0.000000177828  0.04450  0.13075  0.11396  29.86
0.000000615848  0.000000133352  0.04444  0.13110  0.11150  29.95
0.000000615848  0.000000100000  0.04440  0.13136  0.10966  30.01
0.000000428133  0.000100000000  0.09731  0.11070  0.26499  0.87
0.000000428133  0.000074989421  0.09724  0.11066  0.26525  2.23
0.000000428133  0.000056234133  0.09070  0.10414  0.30323  2.20
0.000000428133  0.000042169650  0.08488  0.09936  0.33282  2.93
0.000000428133  0.000031622777  0.08066  0.09696  0.34706  4.10
0.000000428133  0.000023713737  0.07634  0.09596  0.35258  5.70
0.000000428133  0.000017782794  0.07158  0.09620  0.35022  7.82
0.000000428133  0.000013335214  0.06658  0.09760  0.34053  10.45
0.000000428133  0.000010000000  0.06173  0.10004  0.32408  13.34
0.000000428133  0.000007498942  0.05747  0.10320  0.30273  16.25
0.000000428133  0.000005623413  0.05399  0.10676  0.27865  19.00
0.000000428133  0.000004216965  0.05128  0.11042  0.25374  21.39
0.000000428133  0.000003162278  0.04926  0.11397  0.22947  23.40
0.000000428133  0.000002371374  0.04778  0.11724  0.20701  24.99
0.000000428133  0.000001778279  0.04671  0.12011  0.18718  26.26
0.000000428133  0.000001333521  0.04595  0.12255  0.17032  27.23
0.000000428133  0.000001000000  0.04540  0.12457  0.15626  27.99
0.000000428133  0.000000749894  0.04501  0.12621  0.14490  28.57
0.000000428133  0.000000562341  0.04473  0.12751  0.13583  29.01
0.000000428133  0.000000421697  0.04453  0.12852  0.12876  29.33
0.000000428133  0.000000316228  0.04438  0.12932  0.12320  29.56
0.000000428133  0.000000237137  0.04428  0.12992  0.11897  29.73
0.000000428133  0.000000177828  0.04420  0.13038  0.11575  29.85
0.000000428133  0.000000133352  0.04414  0.13073  0.11328  29.95
0.000000428133  0.000000100000  0.04410  0.13100  0.11140  30.01
0.000000297635  0.000100000000  0.09436  0.10882  0.27698  1.31
0.000000297635  0.000074989421  0.09224  0.10709  0.28573  1.25
0.000000297635  0.000056234133  0.08838  0.10353  0.30712  1.78
0.000000297635  0.000042169650  0.08398  0.09979  0.33007  2.71
0.000000297635  0.000031622777  0.07971  0.09703  0.34675  3.89
0.000000297635  0.000023713737  0.07537  0.09571  0.35413  5.47
0.000000297635  0.000017782794  0.07064  0.09581  0.35261  7.60
0.000000297635  0.000013335214  0.06571  0.09714  0.34321  10.27
0.000000297635  0.000010000000  0.06095  0.09949  0.32713  13.22
0.000000297635  0.000007498942  0.05675  0.10260  0.30601  16.15
0.000000297635  0.000005623413  0.05330  0.10614  0.28187  18.91
0.000000297635  0.000004216965  0.05062  0.10982  0.25675  21.33
0.000000297635  0.000003162278  0.04860  0.11341  0.23215  23.34
0.000000297635  0.000002371374  0.04712  0.11672  0.20936  24.95
0.000000297635  0.000001778279  0.04606  0.11963  0.18925  26.24
0.000000297635  0.000001333521  0.04530  0.12212  0.17203  27.22
0.000000297635  0.000001000000  0.04476  0.12417  0.15782  27.98
0.000000297635  0.000000749894  0.04437  0.12582  0.14631  28.55
0.000000297635  0.000000562341  0.04409  0.12714  0.13715  28.99
0.000000297635  0.000000421697  0.04389  0.12817  0.12994  29.32
0.000000297635  0.000000316228  0.04374  0.12897  0.12435  29.54
0.000000297635  0.000000237137  0.04364  0.12959  0.12006  29.72
0.000000297635  0.000000177828  0.04356  0.13005  0.11680  29.85
0.000000297635  0.000000133352  0.04350  0.13041  0.11429  29.95
0.000000297635  0.000000100000  0.04346  0.13068  0.11240  30.02
0.000000206914  0.000100000000  0.08951  0.10875  0.26748  0.26
0.000000206914  0.000074989421  0.08946  0.10875  0.26768  0.59
0.000000206914  0.000056234133  0.08562  0.10523  0.29341  1.11
0.000000206914  0.000042169650  0.08102  0.10107  0.32142  2.02
0.000000206914  0.000031622777  0.07673  0.09772  0.34240  3.22
0.000000206914  0.000023713737  0.07271  0.09601  0.35217  4.81
0.000000206914  0.000017782794  0.06828  0.09583  0.35212  7.02
0.000000206914  0.000013335214  0.06360  0.09700  0.34366  9.79
0.000000206914  0.000010000000  0.05905  0.09925  0.32815  12.81
0.000000206914  0.000007498942  0.05500  0.10231  0.30720  15.85
0.000000206914  0.000005623413  0.05166  0.10585  0.28303  18.69
0.000000206914  0.000004216965  0.04905  0.10951  0.25785  21.14
0.000000206914  0.000003162278  0.04709  0.11310  0.23320  23.22
0.000000206914  0.000002371374  0.04564  0.11642  0.21032  24.89
0.000000206914  0.000001778279  0.04460  0.11935  0.19000  26.20
0.000000206914  0.000001333521  0.04385  0.12188  0.17249  27.18
0.000000206914  0.000001000000  0.04331  0.12397  0.15796  27.95
0.000000206914  0.000000749894  0.04292  0.12566  0.14617  28.55
0.000000206914  0.000000562341  0.04264  0.12701  0.13672  28.99
0.000000206914  0.000000421697  0.04244  0.12807  0.12935  29.31
0.000000206914  0.000000316228  0.04229  0.12889  0.12362  29.55
0.000000206914  0.000000237137  0.04218  0.12953  0.11916  29.72
0.000000206914  0.000000177828  0.04210  0.13001  0.11576  29.85
0.000000206914  0.000000133352  0.04205  0.13038  0.11321  29.94
0.000000206914  0.000000100000  0.04200  0.13066  0.11123  30.00
0.000000143845  0.000100000000  0.08300  0.10859  0.26517  0.14
0.000000143845  0.000074989421  0.08291  0.10856  0.26553  0.33
0.000000143845  0.000056234133  0.08044  0.10655  0.28190  0.74
0.000000143845  0.000042169650  0.07672  0.10327  0.30537  1.51
0.000000143845  0.000031622777  0.07255  0.09987  0.32823  2.62
0.000000143845  0.000023713737  0.06870  0.09766  0.34181  4.11
0.000000143845  0.000017782794  0.06474  0.09706  0.34449  6.21
0.000000143845  0.000013335214  0.06032  0.09794  0.33757  8.97
0.000000143845  0.000010000000  0.05595  0.10001  0.32301  12.11
0.000000143845  0.000007498942  0.05204  0.10293  0.30283  15.25
0.000000143845  0.000005623413  0.04876  0.10640  0.27893  18.19
0.000000143845  0.000004216965  0.04619  0.11009  0.25362  20.77
0.000000143845  0.000003162278  0.04423  0.11374  0.22842  22.90
0.000000143845  0.000002371374  0.04279  0.11714  0.20494  24.62
0.000000143845  0.000001778279  0.04174  0.12016  0.18395  26.01
0.000000143845  0.000001333521  0.04097  0.12279  0.16571  27.06
0.000000143845  0.000001000000  0.04042  0.12499  0.15041  27.85
0.000000143845  0.000000749894  0.04002  0.12678  0.13795  28.47
0.000000143845  0.000000562341  0.03973  0.12820  0.12799  28.93
0.000000143845  0.000000421697  0.03952  0.12933  0.12015  29.27
0.000000143845  0.000000316228  0.03936  0.13021  0.11397  29.51
0.000000143845  0.000000237137  0.03925  0.13088  0.10926  29.70
0.000000143845  0.000000177828  0.03917  0.13140  0.10564  29.83
0.000000143845  0.000000133352  0.03910  0.13180  0.10286  29.93
0.000000143845  0.000000100000  0.03906  0.13210  0.10075  30.00
0.000000100000  0.000100000000  0.07530  0.10993  0.25457  0.07
0.000000100000  0.000074989421  0.07514  0.10989  0.25497  0.17
0.000000100000  0.000056234133  0.07366  0.10887  0.26394  0.47
0.000000100000  0.000042169650  0.07080  0.10646  0.28217  1.11
0.000000100000  0.000031622777  0.06710  0.10332  0.30421  2.07
0.000000100000  0.000023713737  0.06334  0.10074  0.32138  3.39
0.000000100000  0.000017782794  0.05957  0.09954  0.32845  5.27
0.000000100000  0.000013335214  0.05558  0.09999  0.32430  7.81
0.000000100000  0.000010000000  0.05146  0.10182  0.31103  10.91
0.000000100000  0.000007498942  0.04765  0.10467  0.29109  14.16
0.000000100000  0.000005623413  0.04441  0.10815  0.26689  17.27
0.000000100000  0.000004216965  0.04182  0.11196  0.24050  20.00
0.000000100000  0.000003162278  0.03983  0.11581  0.21389  22.32
0.000000100000  0.000002371374  0.03834  0.11945  0.18863  24.18
0.000000100000  0.000001778279  0.03724  0.12276  0.16563  25.65
0.000000100000  0.000001333521  0.03644  0.12565  0.14554  26.77
0.000000100000  0.000001000000  0.03585  0.12809  0.12854  27.65
0.000000100000  0.000000749894  0.03542  0.13010  0.11451  28.33
0.000000100000  0.000000562341  0.03510  0.13172  0.10318  28.83
0.000000100000  0.000000421697  0.03487  0.13301  0.09416  29.21
0.000000100000  0.000000316228  0.03469  0.13401  0.08709  29.49
0.000000100000  0.000000237137  0.03457  0.13479  0.08168  29.69
0.000000100000  0.000000177828  0.03447  0.13539  0.07745  29.83
0.000000100000  0.000000133352  0.03440  0.13585  0.07426  29.94
0.000000100000  0.000000100000  0.03435  0.13619  0.07187  30.00
