lambda_A  lambda_rho  MSE  MSE-val  R^2-val  Sparsity
0.000100000000  0.001000000000  0.16755  0.16346  0.01177  0.09
0.000100000000  0.000749894209  0.16080  0.15853  0.02702  0.24
0.000100000000  0.000562341325  0.15060  0.15094  0.05616  0.51
0.000100000000  0.000421696503  0.13809  0.14150  0.09822  0.85
0.000100000000  0.000316227766  0.12661  0.13282  0.14051  1.20
0.000100000000  0.000237137371  0.11697  0.12548  0.17860  1.61
0.000100000000  0.000177827941  0.10917  0.11967  0.20991  2.03
0.000100000000  0.000133352143  0.10257  0.11478  0.23757  2.38
0.000100000000  0.000100000000  0.09661  0.11033  0.26421  2.80
0.000100000000  0.000074989421  0.09106  0.10633  0.28901  3.42
0.000100000000  0.000056234133  0.08557  0.10282  0.31147  4.35
0.000100000000  0.000042169650  0.07971  0.10013  0.32899  5.78
0.000100000000  0.000031622777  0.07258  0.09860  0.33875  8.15
0.000100000000  0.000023713737  0.06375  0.09851  0.33876  12.04
0.000100000000  0.000017782794  0.05386  0.09986  0.32911  17.49
0.000100000000  0.000013335214  0.04395  0.10250  0.31072  24.19
0.000100000000  0.000010000000  0.03489  0.10623  0.28473  31.66
0.000100000000  0.000007498942  0.02758  0.11046  0.25532  39.74
0.000100000000  0.000005623413  0.02082  0.11594  0.21753  51.91
0.000100000000  0.000004216965  0.01790  0.11916  0.19458  66.27
0.000100000000  0.000003162278  0.01726  0.11967  0.19198  75.87
0.000100000000  0.000002371374  0.01691  0.12015  0.18804  83.30
0.000100000000  0.000001778279  0.01502  0.12253  0.17162  89.81
0.000100000000  0.000001333521  0.01456  0.12324  0.16722  93.78
0.000100000000  0.000001000000  0.01449  0.12358  0.16514  96.03
0.000069519280  0.001000000000  0.16695  0.16294  0.01323  0.05
0.000069519280  0.000749894209  0.16080  0.15852  0.02702  0.25
0.000069519280  0.000562341325  0.15061  0.15095  0.05610  0.52
0.000069519280  0.000421696503  0.13808  0.14150  0.09824  0.85
0.000069519280  0.000316227766  0.12661  0.13283  0.14048  1.20
0.000069519280  0.000237137371  0.11697  0.12549  0.17859  1.62
0.000069519280  0.000177827941  0.10917  0.11967  0.20992  2.04
0.000069519280  0.000133352143  0.10257  0.11479  0.23756  2.38
0.000069519280  0.000100000000  0.09661  0.11033  0.26418  2.80
0.000069519280  0.000074989421  0.09106  0.10633  0.28900  3.42
0.000069519280  0.000056234133  0.08557  0.10282  0.31147  4.36
0.000069519280  0.000042169650  0.07971  0.10013  0.32899  5.79
0.000069519280  0.000031622777  0.07258  0.09860  0.33875  8.15
0.000069519280  0.000023713737  0.06375  0.09851  0.33877  12.04
0.000069519280  0.000017782794  0.05386  0.09986  0.32911  17.49
0.000069519280  0.000013335214  0.04395  0.10250  0.31072  24.19
0.000069519280  0.000010000000  0.03489  0.10623  0.28473  31.66
0.000069519280  0.000007498942  0.02747  0.11054  0.25473  39.68
0.000069519280  0.000005623413  0.02090  0.11588  0.21793  51.85
0.000069519280  0.000004216965  0.01798  0.11893  0.19621  65.65
0.000069519280  0.000003162278  0.01775  0.11925  0.19487  75.73
0.000069519280  0.000002371374  0.01629  0.12096  0.18206  83.75
0.000069519280  0.000001778279  0.01517  0.12216  0.17397  89.02
0.000069519280  0.000001333521  0.01509  0.12240  0.17304  93.39
0.000069519280  0.000001000000  0.01488  0.12277  0.16984  96.00
0.000048329302  0.001000000000  0.16695  0.16294  0.01324  0.05
0.000048329302  0.000749894209  0.16080  0.15852  0.02702  0.25
0.000048329302  0.000562341325  0.15061  0.15095  0.05609  0.52
0.000048329302  0.000421696503  0.13808  0.14150  0.09826  0.84
0.000048329302  0.000316227766  0.12661  0.13283  0.14049  1.20
0.000048329302  0.000237137371  0.11697  0.12549  0.17859  1.62
0.000048329302  0.000177827941  0.10917  0.11967  0.20992  2.04
0.000048329302  0.000133352143  0.10257  0.11479  0.23756  2.38
0.000048329302  0.000100000000  0.09661  0.11033  0.26418  2.80
0.000048329302  0.000074989421  0.09106  0.10633  0.28900  3.42
0.000048329302  0.000056234133  0.08557  0.10282  0.31147  4.36
0.000048329302  0.000042169650  0.07971  0.10013  0.32899  5.79
0.000048329302  0.000031622777  0.07258  0.09860  0.33875  8.15
0.000048329302  0.000023713737  0.06375  0.09851  0.33877  12.04
0.000048329302  0.000017782794  0.05386  0.09986  0.32911  17.49
0.000048329302  0.000013335214  0.04395  0.10250  0.31072  24.19
0.000048329302  0.000010000000  0.03489  0.10623  0.28473  31.66
0.000048329302  0.000007498942  0.02747  0.11054  0.25473  39.68
0.000048329302  0.000005623413  0.02038  0.11646  0.21401  52.58
0.000048329302  0.000004216965  0.01811  0.11898  0.19570  66.10
0.000048329302  0.000003162278  0.01793  0.11925  0.19405  75.65
0.000048329302  0.000002371374  0.01584  0.12157  0.17793  84.64
0.000048329302  0.000001778279  0.01584  0.12174  0.17689  89.86
0.000048329302  0.000001333521  0.01543  0.12220  0.17370  92.73
0.000048329302  0.000001000000  0.01483  0.12298  0.16877  95.66
0.000033598183  0.001000000000  0.16692  0.16294  0.01325  0.05
0.000033598183  0.000749894209  0.16075  0.15850  0.02714  0.25
0.000033598183  0.000562341325  0.15055  0.15092  0.05624  0.52
0.000033598183  0.000421696503  0.13803  0.14147  0.09842  0.84
0.000033598183  0.000316227766  0.12660  0.13282  0.14054  1.20
0.000033598183  0.000237137371  0.11696  0.12547  0.17865  1.61
0.000033598183  0.000177827941  0.10917  0.11968  0.20990  2.04
0.000033598183  0.000133352143  0.10257  0.11479  0.23755  2.38
0.000033598183  0.000100000000  0.09661  0.11033  0.26418  2.80
0.000033598183  0.000074989421  0.09106  0.10633  0.28900  3.42
0.000033598183  0.000056234133  0.08557  0.10282  0.31147  4.36
0.000033598183  0.000042169650  0.07971  0.10013  0.32899  5.79
0.000033598183  0.000031622777  0.07258  0.09860  0.33875  8.15
0.000033598183  0.000023713737  0.06375  0.09851  0.33877  12.04
0.000033598183  0.000017782794  0.05386  0.09986  0.32911  17.49
0.000033598183  0.000013335214  0.04395  0.10250  0.31072  24.19
0.000033598183  0.000010000000  0.03489  0.10623  0.28473  31.66
0.000033598183  0.000007498942  0.02749  0.11053  0.25484  39.69
0.000033598183  0.000005623413  0.02130  0.11545  0.22083  51.56
0.000033598183  0.000004216965  0.01778  0.11926  0.19385  67.15
0.000033598183  0.000003162278  0.01746  0.11955  0.19176  75.88
0.000033598183  0.000002371374  0.01597  0.12115  0.18066  82.98
0.000033598183  0.000001778279  0.01554  0.12184  0.17593  88.55
0.000033598183  0.000001333521  0.01521  0.12255  0.17202  93.19
0.000033598183  0.000001000000  0.01508  0.12268  0.17134  95.93
0.000023357215  0.001000000000  0.16685  0.16291  0.01333  0.05
0.000023357215  0.000749894209  0.16063  0.15844  0.02735  0.25
0.000023357215  0.000562341325  0.15045  0.15088  0.05642  0.52
0.000023357215  0.000421696503  0.13793  0.14143  0.09860  0.84
0.000023357215  0.000316227766  0.12648  0.13276  0.14086  1.19
0.000023357215  0.000237137371  0.11689  0.12543  0.17887  1.61
0.000023357215  0.000177827941  0.10911  0.11962  0.21022  2.01
0.000023357215  0.000133352143  0.10249  0.11471  0.23804  2.33
0.000023357215  0.000100000000  0.09661  0.11033  0.26421  2.79
0.000023357215  0.000074989421  0.09107  0.10634  0.28896  3.42
0.000023357215  0.000056234133  0.08557  0.10282  0.31146  4.35
0.000023357215  0.000042169650  0.07971  0.10013  0.32899  5.79
0.000023357215  0.000031622777  0.07258  0.09860  0.33875  8.15
0.000023357215  0.000023713737  0.06375  0.09851  0.33877  12.04
0.000023357215  0.000017782794  0.05386  0.09986  0.32911  17.49
0.000023357215  0.000013335214  0.04395  0.10250  0.31072  24.19
0.000023357215  0.000010000000  0.03489  0.10623  0.28473  31.66
0.000023357215  0.000007498942  0.02753  0.11049  0.25505  39.71
0.000023357215  0.000005623413  0.02076  0.11603  0.21697  52.03
0.000023357215  0.000004216965  0.01832  0.11856  0.19868  65.30
0.000023357215  0.000003162278  0.01729  0.11974  0.19058  75.38
0.000023357215  0.000002371374  0.01691  0.12008  0.18904  84.03
0.000023357215  0.000001778279  0.01536  0.12230  0.17409  90.02
0.000023357215  0.000001333521  0.01493  0.12313  0.16818  93.63
0.000023357215  0.000001000000  0.01462  0.12331  0.16684  95.85
0.000016237767  0.001000000000  0.16673  0.16282  0.01357  0.05
0.000016237767  0.000749894209  0.16051  0.15835  0.02764  0.24
0.000016237767  0.000562341325  0.15036  0.15083  0.05664  0.51
0.000016237767  0.000421696503  0.13779  0.14133  0.09911  0.83
0.000016237767  0.000316227766  0.12643  0.13272  0.14118  1.23
0.000016237767  0.000237137371  0.11696  0.12549  0.17873  1.69
0.000016237767  0.000177827941  0.10928  0.11976  0.20969  2.09
0.000016237767  0.000133352143  0.10255  0.11477  0.23798  2.30
0.000016237767  0.000100000000  0.09645  0.11020  0.26532  2.63
0.000016237767  0.000074989421  0.09068  0.10604  0.29112  3.22
0.000016237767  0.000056234133  0.08562  0.10284  0.31134  4.36
0.000016237767  0.000042169650  0.07972  0.10012  0.32902  5.77
0.000016237767  0.000031622777  0.07259  0.09860  0.33875  8.15
0.000016237767  0.000023713737  0.06375  0.09851  0.33876  12.03
0.000016237767  0.000017782794  0.05386  0.09986  0.32911  17.48
0.000016237767  0.000013335214  0.04395  0.10250  0.31072  24.19
0.000016237767  0.000010000000  0.03488  0.10623  0.28471  31.66
0.000016237767  0.000007498942  0.02752  0.11050  0.25498  39.70
0.000016237767  0.000005623413  0.02104  0.11572  0.21905  51.70
0.000016237767  0.000004216965  0.01812  0.11876  0.19737  65.93
0.000016237767  0.000003162278  0.01791  0.11906  0.19549  75.74
0.000016237767  0.000002371374  0.01760  0.11928  0.19353  83.22
0.000016237767  0.000001778279  0.01741  0.11953  0.19189  88.17
0.000016237767  0.000001333521  0.01498  0.12233  0.17254  92.99
0.000016237767  0.000001000000  0.01488  0.12280  0.17123  95.95
0.000011288379  0.001000000000  0.16634  0.16255  0.01420  0.03
0.000011288379  0.000749894209  0.16041  0.15829  0.02776  0.22
0.000011288379  0.000562341325  0.15022  0.15070  0.05712  0.48
0.000011288379  0.000421696503  0.13759  0.14117  0.10013  0.78
0.000011288379  0.000316227766  0.12624  0.13261  0.14241  1.17
0.000011288379  0.000237137371  0.11701  0.12563  0.17887  1.68
0.000011288379  0.000177827941  0.10924  0.11987  0.21012  1.98
0.000011288379  0.000133352143  0.10255  0.11489  0.23828  2.16
0.000011288379  0.000100000000  0.09643  0.11028  0.26565  2.49
0.000011288379  0.000074989421  0.09088  0.10626  0.29019  3.20
0.000011288379  0.000056234133  0.08526  0.10266  0.31288  4.13
0.000011288379  0.000042169650  0.07958  0.10007  0.32941  5.67
0.000011288379  0.000031622777  0.07263  0.09860  0.33873  8.11
0.000011288379  0.000023713737  0.06375  0.09851  0.33871  12.01
0.000011288379  0.000017782794  0.05387  0.09987  0.32907  17.48
0.000011288379  0.000013335214  0.04395  0.10250  0.31070  24.19
0.000011288379  0.000010000000  0.03489  0.10624  0.28470  31.65
0.000011288379  0.000007498942  0.02739  0.11061  0.25428  39.63
0.000011288379  0.000005623413  0.02045  0.11637  0.21459  52.39
0.000011288379  0.000004216965  0.01829  0.11870  0.19772  66.36
0.000011288379  0.000003162278  0.01807  0.11897  0.19587  76.03
0.000011288379  0.000002371374  0.01713  0.11991  0.18926  82.84
0.000011288379  0.000001778279  0.01517  0.12229  0.17441  89.99
0.000011288379  0.000001333521  0.01501  0.12265  0.17131  93.48
0.000011288379  0.000001000000  0.01466  0.12315  0.16782  95.72
0.000007847600  0.001000000000  0.16355  0.16040  0.02042  0.01
0.000007847600  0.000749894209  0.15978  0.15763  0.02969  0.12
0.000007847600  0.000562341325  0.15018  0.15064  0.05777  0.36
0.000007847600  0.000421696503  0.13772  0.14120  0.10079  0.84
0.000007847600  0.000316227766  0.12804  0.13386  0.13679  1.86
0.000007847600  0.000237137371  0.11629  0.12512  0.18346  1.33
0.000007847600  0.000177827941  0.10882  0.11965  0.21298  1.45
0.000007847600  0.000133352143  0.10218  0.11461  0.24111  1.71
0.000007847600  0.000100000000  0.09632  0.11027  0.26684  2.33
0.000007847600  0.000074989421  0.09095  0.10642  0.29015  3.08
0.000007847600  0.000056234133  0.08529  0.10276  0.31286  4.02
0.000007847600  0.000042169650  0.07935  0.10006  0.32977  5.50
0.000007847600  0.000031622777  0.07240  0.09861  0.33868  7.98
0.000007847600  0.000023713737  0.06382  0.09852  0.33862  11.98
0.000007847600  0.000017782794  0.05386  0.09988  0.32898  17.46
0.000007847600  0.000013335214  0.04394  0.10252  0.31058  24.17
0.000007847600  0.000010000000  0.03489  0.10624  0.28464  31.66
0.000007847600  0.000007498942  0.02756  0.11048  0.25515  39.72
0.000007847600  0.000005623413  0.02103  0.11573  0.21893  51.77
0.000007847600  0.000004216965  0.01820  0.11869  0.19783  66.84
0.000007847600  0.000003162278  0.01719  0.11967  0.19181  75.51
0.000007847600  0.000002371374  0.01579  0.12136  0.17931  84.58
0.000007847600  0.000001778279  0.01585  0.12131  0.17977  88.34
0.000007847600  0.000001333521  0.01574  0.12160  0.17763  93.54
0.000007847600  0.000001000000  0.01567  0.12177  0.17650  94.88
0.000005455595  0.001000000000  0.15649  0.15502  0.03834  0.00
0.000005455595  0.000749894209  0.15555  0.15424  0.04120  0.03
0.000005455595  0.000562341325  0.15010  0.15016  0.05902  0.23
0.000005455595  0.000421696503  0.14067  0.14306  0.09175  1.16
0.000005455595  0.000316227766  0.13381  0.13780  0.11712  4.10
0.000005455595  0.000237137371  0.11651  0.12487  0.18221  1.24
0.000005455595  0.000177827941  0.10836  0.11876  0.21432  1.22
0.000005455595  0.000133352143  0.10206  0.11399  0.24142  1.57
0.000005455595  0.000100000000  0.09596  0.10948  0.26927  2.11
0.000005455595  0.000074989421  0.09033  0.10554  0.29425  2.97
0.000005455595  0.000056234133  0.08555  0.10262  0.31274  4.27
0.000005455595  0.000042169650  0.07972  0.10002  0.32963  5.68
0.000005455595  0.000031622777  0.07258  0.09856  0.33897  8.07
0.000005455595  0.000023713737  0.06377  0.09850  0.33874  11.99
0.000005455595  0.000017782794  0.05386  0.09987  0.32906  17.46
0.000005455595  0.000013335214  0.04395  0.10250  0.31067  24.17
0.000005455595  0.000010000000  0.03487  0.10624  0.28464  31.65
0.000005455595  0.000007498942  0.02757  0.11047  0.25522  39.73
0.000005455595  0.000005623413  0.02466  0.11249  0.24138  51.44
0.000005455595  0.000004216965  0.02326  0.11349  0.23446  62.49
0.000005455595  0.000003162278  0.02142  0.11488  0.22490  71.91
0.000005455595  0.000002371374  0.01510  0.12136  0.18052  84.29
0.000005455595  0.000001778279  0.01472  0.12190  0.17712  88.24
0.000005455595  0.000001333521  0.01484  0.12197  0.17699  93.62
0.000005455595  0.000001000000  0.01487  0.12220  0.17466  96.06
0.000003792690  0.001000000000  0.14636  0.14764  0.06892  0.00
0.000003792690  0.000749894209  0.14633  0.14760  0.06902  0.00
0.000003792690  0.000562341325  0.14573  0.14710  0.07125  0.02
0.000003792690  0.000421696503  0.13841  0.14136  0.09839  0.39
0.000003792690  0.000316227766  0.13475  0.13847  0.11212  2.03
0.000003792690  0.000237137371  0.12178  0.12829  0.16508  2.89
0.000003792690  0.000177827941  0.10907  0.11938  0.21192  1.31
0.000003792690  0.000133352143  0.10261  0.11431  0.23960  1.49
0.000003792690  0.000100000000  0.09647  0.10965  0.26774  2.03
0.000003792690  0.000074989421  0.09014  0.10528  0.29573  2.90
0.000003792690  0.000056234133  0.08499  0.10219  0.31550  4.06
0.000003792690  0.000042169650  0.07981  0.09993  0.32996  5.69
0.000003792690  0.000031622777  0.07258  0.09847  0.33939  8.05
0.000003792690  0.000023713737  0.06372  0.09847  0.33890  11.95
0.000003792690  0.000017782794  0.05386  0.09986  0.32907  17.45
0.000003792690  0.000013335214  0.04395  0.10250  0.31065  24.16
0.000003792690  0.000010000000  0.03488  0.10624  0.28466  31.65
0.000003792690  0.000007498942  0.02757  0.11046  0.25524  39.74
0.000003792690  0.000005623413  0.02010  0.11681  0.21169  52.91
0.000003792690  0.000004216965  0.01808  0.11911  0.19487  67.33
0.000003792690  0.000003162278  0.01783  0.11929  0.19348  75.78
0.000003792690  0.000002371374  0.01697  0.12026  0.18676  84.66
0.000003792690  0.000001778279  0.01503  0.12262  0.17159  89.72
0.000003792690  0.000001333521  0.01482  0.12280  0.17048  93.59
0.000003792690  0.000001000000  0.01509  0.12286  0.16935  95.98
0.000002636651  0.001000000000  0.13472  0.13893  0.10821  0.00
0.000002636651  0.000749894209  0.13469  0.13890  0.10832  0.00
0.000002636651  0.000562341325  0.13466  0.13888  0.10842  0.00
0.000002636651  0.000421696503  0.13462  0.13884  0.10859  0.01
0.000002636651  0.000316227766  0.13076  0.13596  0.12404  0.29
0.000002636651  0.000237137371  0.12884  0.13442  0.13177  1.66
0.000002636651  0.000177827941  0.10982  0.12022  0.20597  1.17
0.000002636651  0.000133352143  0.10327  0.11485  0.23562  1.36
0.000002636651  0.000100000000  0.09672  0.10969  0.26701  1.82
0.000002636651  0.000074989421  0.09047  0.10527  0.29508  2.73
0.000002636651  0.000056234133  0.08466  0.10181  0.31760  3.85
0.000002636651  0.000042169650  0.07953  0.09965  0.33139  5.59
0.000002636651  0.000031622777  0.07263  0.09834  0.33989  8.02
0.000002636651  0.000023713737  0.06373  0.09838  0.33928  11.93
0.000002636651  0.000017782794  0.05381  0.09983  0.32920  17.42
0.000002636651  0.000013335214  0.04392  0.10251  0.31059  24.14
0.000002636651  0.000010000000  0.03488  0.10624  0.28462  31.65
0.000002636651  0.000007498942  0.02754  0.11049  0.25505  39.71
0.000002636651  0.000005623413  0.02114  0.11562  0.21965  51.15
0.000002636651  0.000004216965  0.01804  0.11885  0.19659  66.59
0.000002636651  0.000003162278  0.01743  0.11962  0.19130  75.67
0.000002636651  0.000002371374  0.01721  0.11989  0.18944  82.73
0.000002636651  0.000001778279  0.01494  0.12273  0.17070  89.91
0.000002636651  0.000001333521  0.01475  0.12334  0.16654  93.94
0.000002636651  0.000001000000  0.01398  0.12402  0.16205  95.74
0.000001832981  0.001000000000  0.12435  0.13128  0.14522  0.00
0.000001832981  0.000749894209  0.12433  0.13126  0.14529  0.00
0.000001832981  0.000562341325  0.12432  0.13124  0.14536  0.00
0.000001832981  0.000421696503  0.12430  0.13123  0.14543  0.00
0.000001832981  0.000316227766  0.12428  0.13121  0.14551  0.00
0.000001832981  0.000237137371  0.12182  0.12931  0.15675  0.22
0.000001832981  0.000177827941  0.11935  0.12742  0.16679  0.88
0.000001832981  0.000133352143  0.10383  0.11509  0.23248  1.27
0.000001832981  0.000100000000  0.09770  0.11017  0.26236  1.70
0.000001832981  0.000074989421  0.09085  0.10524  0.29431  2.54
0.000001832981  0.000056234133  0.08471  0.10157  0.31835  3.70
0.000001832981  0.000042169650  0.07903  0.09928  0.33331  5.38
0.000001832981  0.000031622777  0.07253  0.09812  0.34063  7.93
0.000001832981  0.000023713737  0.06374  0.09819  0.33990  11.88
0.000001832981  0.000017782794  0.05379  0.09970  0.32961  17.38
0.000001832981  0.000013335214  0.04390  0.10245  0.31079  24.11
0.000001832981  0.000010000000  0.03486  0.10623  0.28462  31.62
0.000001832981  0.000007498942  0.02733  0.11066  0.25388  39.58
0.000001832981  0.000005623413  0.02042  0.11643  0.21414  51.95
0.000001832981  0.000004216965  0.01790  0.11916  0.19456  66.31
0.000001832981  0.000003162278  0.01646  0.12096  0.18320  77.56
0.000001832981  0.000002371374  0.01570  0.12197  0.17628  84.42
0.000001832981  0.000001778279  0.01428  0.12431  0.15934  89.92
0.000001832981  0.000001333521  0.01426  0.12424  0.16054  94.13
0.000001832981  0.000001000000  0.01422  0.12458  0.15844  95.90
0.000001274275  0.001000000000  0.11603  0.12529  0.17506  0.00
0.000001274275  0.000749894209  0.11602  0.12527  0.17511  0.00
0.000001274275  0.000562341325  0.11601  0.12526  0.17516  0.00
0.000001274275  0.000421696503  0.11600  0.12524  0.17521  0.00
0.000001274275  0.000316227766  0.11599  0.12523  0.17525  0.00
0.000001274275  0.000237137371  0.11597  0.12520  0.17540  0.01
0.000001274275  0.000177827941  0.11547  0.12468  0.17911  0.04
0.000001274275  0.000133352143  0.11224  0.12186  0.19837  0.77
0.000001274275  0.000100000000  0.09777  0.10985  0.26415  1.62
0.000001274275  0.000074989421  0.09170  0.10542  0.29223  2.35
0.000001274275  0.000056234133  0.08500  0.10127  0.31937  3.50
0.000001274275  0.000042169650  0.07853  0.09881  0.33564  5.16
0.000001274275  0.000031622777  0.07230  0.09781  0.34194  7.80
0.000001274275  0.000023713737  0.06378  0.09795  0.34080  11.83
0.000001274275  0.000017782794  0.05380  0.09950  0.33030  17.34
0.000001274275  0.000013335214  0.04389  0.10228  0.31137  24.08
0.000001274275  0.000010000000  0.03483  0.10614  0.28491  31.60
0.000001274275  0.000007498942  0.02711  0.11078  0.25289  39.46
0.000001274275  0.000005623413  0.02013  0.11681  0.21154  52.57
0.000001274275  0.000004216965  0.01819  0.11902  0.19553  66.10
0.000001274275  0.000003162278  0.01646  0.12106  0.18173  76.65
0.000001274275  0.000002371374  0.01638  0.12128  0.18027  83.41
0.000001274275  0.000001778279  0.01516  0.12261  0.17151  89.52
0.000001274275  0.000001333521  0.01488  0.12314  0.16781  92.39
0.000001274275  0.000001000000  0.01429  0.12407  0.16124  96.23
0.000000885867  0.001000000000  0.10956  0.12088  0.19714  0.00
0.000000885867  0.000749894209  0.10955  0.12087  0.19719  0.00
0.000000885867  0.000562341325  0.10954  0.12085  0.19725  0.00
0.000000885867  0.000421696503  0.10954  0.12084  0.19729  0.00
0.000000885867  0.000316227766  0.10953  0.12082  0.19734  0.00
0.000000885867  0.000237137371  0.10951  0.12080  0.19743  0.00
0.000000885867  0.000177827941  0.10936  0.12063  0.19858  0.02
0.000000885867  0.000133352143  0.10832  0.11949  0.20732  0.10
0.000000885867  0.000100000000  0.10415  0.11560  0.23543  0.93
0.000000885867  0.000074989421  0.09139  0.10470  0.29593  2.14
0.000000885867  0.000056234133  0.08550  0.10095  0.32022  3.32
0.000000885867  0.000042169650  0.07880  0.09830  0.33804  5.02
0.000000885867  0.000031622777  0.07188  0.09730  0.34452  7.65
0.000000885867  0.000023713737  0.06368  0.09754  0.34260  11.71
0.000000885867  0.000017782794  0.05373  0.09918  0.33159  17.26
0.000000885867  0.000013335214  0.04386  0.10203  0.31231  24.04
0.000000885867  0.000010000000  0.03482  0.10594  0.28563  31.58
0.000000885867  0.000007498942  0.02706  0.11064  0.25329  39.42
0.000000885867  0.000005623413  0.02506  0.11204  0.24371  50.67
0.000000885867  0.000004216965  0.02111  0.11509  0.22284  60.95
0.000000885867  0.000003162278  0.01572  0.12101  0.18220  78.06
0.000000885867  0.000002371374  0.01482  0.12257  0.17201  84.75
0.000000885867  0.000001778279  0.01425  0.12359  0.16513  90.23
0.000000885867  0.000001333521  0.01419  0.12409  0.16200  94.68
0.000000885867  0.000001000000  0.01432  0.12392  0.16146  97.08
0.000000615848  0.001000000000  0.10444  0.11750  0.21379  0.00
0.000000615848  0.000749894209  0.10443  0.11749  0.21385  0.00
0.000000615848  0.000562341325  0.10442  0.11747  0.21391  0.00
0.000000615848  0.000421696503  0.10442  0.11746  0.21396  0.00
0.000000615848  0.000316227766  0.10441  0.11744  0.21402  0.00
0.000000615848  0.000237137371  0.10440  0.11743  0.21409  0.00
0.000000615848  0.000177827941  0.10433  0.11736  0.21455  0.01
0.000000615848  0.000133352143  0.10379  0.11673  0.21922  0.05
0.000000615848  0.000100000000  0.10177  0.11458  0.23616  0.28
0.000000615848  0.000074989421  0.09464  0.10853  0.27789  1.72
0.000000615848  0.000056234133  0.08474  0.10026  0.32382  3.06
0.000000615848  0.000042169650  0.07901  0.09774  0.34050  4.83
0.000000615848  0.000031622777  0.07175  0.09665  0.34790  7.43
0.000000615848  0.000023713737  0.06346  0.09700  0.34545  11.51
0.000000615848  0.000017782794  0.05363  0.09874  0.33377  17.11
0.000000615848  0.000013335214  0.04376  0.10169  0.31377  23.92
0.000000615848  0.000010000000  0.03477  0.10567  0.28673  31.52
0.000000615848  0.000007498942  0.02704  0.11041  0.25422  39.36
0.000000615848  0.000005623413  0.01966  0.11722  0.20788  53.06
0.000000615848  0.000004216965  0.01736  0.11972  0.19019  67.81
0.000000615848  0.000003162278  0.01664  0.12070  0.18345  77.07
0.000000615848  0.000002371374  0.01638  0.12108  0.18094  84.53
0.000000615848  0.000001778279  0.01612  0.12134  0.17928  89.49
0.000000615848  0.000001333521  0.01383  0.12463  0.15583  93.68
0.000000615848  0.000001000000  0.01376  0.12488  0.15408  95.78
0.000000428133  0.001000000000  0.10013  0.11492  0.22642  0.00
0.000000428133  0.000749894209  0.10012  0.11490  0.22649  0.00
0.000000428133  0.000562341325  0.10011  0.11488  0.22656  0.00
0.000000428133  0.000421696503  0.10009  0.11487  0.22663  0.00
0.000000428133  0.000316227766  0.10008  0.11485  0.22669  0.00
0.000000428133  0.000237137371  0.10007  0.11483  0.22677  0.00
0.000000428133  0.000177827941  0.10004  0.11480  0.22696  0.01
0.000000428133  0.000133352143  0.09969  0.11441  0.22981  0.03
0.000000428133  0.000100000000  0.09844  0.11305  0.24081  0.18
0.000000428133  0.000074989421  0.09458  0.10946  0.26791  0.74
0.000000428133  0.000056234133  0.08479  0.10061  0.32139  2.56
0.000000428133  0.000042169650  0.07908  0.09760  0.34078  4.42
0.000000428133  0.000031622777  0.07177  0.09615  0.35046  7.12
0.000000428133  0.000023713737  0.06313  0.09647  0.34833  11.21
0.000000428133  0.000017782794  0.05344  0.09822  0.33650  16.85
0.000000428133  0.000013335214  0.04359  0.10128  0.31581  23.73
0.000000428133  0.000010000000  0.03467  0.10533  0.28822  31.39
0.000000428133  0.000007498942  0.02697  0.11014  0.25526  39.26
0.000000428133  0.000005623413  0.01960  0.11692  0.20826  53.39
0.000000428133  0.000004216965  0.01692  0.12025  0.18537  67.15
0.000000428133  0.000003162278  0.01633  0.12120  0.17878  76.25
0.000000428133  0.000002371374  0.01568  0.12188  0.17536  84.22
0.000000428133  0.000001778279  0.01513  0.12255  0.17108  89.60
0.000000428133  0.000001333521  0.01430  0.12424  0.15791  92.52
0.000000428133  0.000001000000  0.01349  0.12532  0.15097  95.46
0.000000297635  0.001000000000  0.09587  0.11282  0.23696  0.00
0.000000297635  0.000749894209  0.09584  0.11280  0.23703  0.00
0.000000297635  0.000562341325  0.09582  0.11279  0.23709  0.00
0.000000297635  0.000421696503  0.09580  0.11277  0.23716  0.00
0.000000297635  0.000316227766  0.09578  0.11276  0.23722  0.00
0.000000297635  0.000237137371  0.09576  0.11274  0.23729  0.00
0.000000297635  0.000177827941  0.09573  0.11272  0.23743  0.01
0.000000297635  0.000133352143  0.09549  0.11249  0.23910  0.02
0.000000297635  0.000100000000  0.09464  0.11160  0.24626  0.12
0.000000297635  0.000074989421  0.09194  0.10903  0.26657  0.53
0.000000297635  0.000056234133  0.08638  0.10448  0.29937  1.58
0.000000297635  0.000042169650  0.07717  0.09767  0.34212  3.80
0.000000297635  0.000031622777  0.07122  0.09602  0.35177  6.59
0.000000297635  0.000023713737  0.06279  0.09605  0.35096  10.75
0.000000297635  0.000017782794  0.05318  0.09776  0.33929  16.45
0.000000297635  0.000013335214  0.04349  0.10077  0.31878  23.44
0.000000297635  0.000010000000  0.03449  0.10492  0.29042  31.12
0.000000297635  0.000007498942  0.02684  0.10980  0.25692  39.07
0.000000297635  0.000005623413  0.01972  0.11628  0.21267  51.49
0.000000297635  0.000004216965  0.01675  0.11985  0.18815  67.18
0.000000297635  0.000003162278  0.01511  0.12298  0.16690  77.66
0.000000297635  0.000002371374  0.01424  0.12402  0.15936  85.54
0.000000297635  0.000001778279  0.01375  0.12475  0.15443  89.98
0.000000297635  0.000001333521  0.01288  0.12724  0.13802  93.55
0.000000297635  0.000001000000  0.01201  0.12885  0.12582  96.25
0.000000206914  0.001000000000  0.09084  0.11123  0.24503  0.00
0.000000206914  0.000749894209  0.09081  0.11122  0.24507  0.00
0.000000206914  0.000562341325  0.09078  0.11121  0.24511  0.00
0.000000206914  0.000421696503  0.09075  0.11120  0.24514  0.00
0.000000206914  0.000316227766  0.09072  0.11120  0.24517  0.00
0.000000206914  0.000237137371  0.09069  0.11119  0.24520  0.00
0.000000206914  0.000177827941  0.09066  0.11117  0.24528  0.00
0.000000206914  0.000133352143  0.09050  0.11107  0.24604  0.01
0.000000206914  0.000100000000  0.08986  0.11052  0.25051  0.07
0.000000206914  0.000074989421  0.08799  0.10879  0.26488  0.36
0.000000206914  0.000056234133  0.08365  0.10515  0.29212  1.23
0.000000206914  0.000042169650  0.07769  0.10104  0.32129  2.72
0.000000206914  0.000031622777  0.06849  0.09665  0.34847  5.60
0.000000206914  0.000023713737  0.06160  0.09628  0.34972  9.77
0.000000206914  0.000017782794  0.05261  0.09761  0.34012  15.55
0.000000206914  0.000013335214  0.04305  0.10055  0.32000  22.66
0.000000206914  0.000010000000  0.03417  0.10471  0.29150  30.48
0.000000206914  0.000007498942  0.02660  0.10960  0.25773  38.59
0.000000206914  0.000005623413  0.02138  0.11390  0.22801  47.82
0.000000206914  0.000004216965  0.02050  0.11465  0.22289  58.68
0.000000206914  0.000003162278  0.01868  0.11629  0.21157  68.94
0.000000206914  0.000002371374  0.01365  0.12337  0.16296  83.95
0.000000206914  0.000001778279  0.01194  0.12772  0.13280  91.58
0.000000206914  0.000001333521  0.01173  0.12837  0.12912  93.95
0.000000206914  0.000001000000  0.01102  0.13121  0.10860  97.41
0.000000143845  0.001000000000  0.08437  0.11050  0.24855  0.00
0.000000143845  0.000749894209  0.08433  0.11050  0.24851  0.00
0.000000143845  0.000562341325  0.08428  0.11051  0.24846  0.00
0.000000143845  0.000421696503  0.08424  0.11051  0.24841  0.00
0.000000143845  0.000316227766  0.08420  0.11051  0.24837  0.00
0.000000143845  0.000237137371  0.08416  0.11052  0.24832  0.00
0.000000143845  0.000177827941  0.08412  0.11052  0.24829  0.00
0.000000143845  0.000133352143  0.08407  0.11051  0.24838  0.01
0.000000143845  0.000100000000  0.08358  0.11025  0.25056  0.04
0.000000143845  0.000074989421  0.08231  0.10924  0.25944  0.23
0.000000143845  0.000056234133  0.07916  0.10658  0.28046  0.88
0.000000143845  0.000042169650  0.07413  0.10273  0.30820  2.18
0.000000143845  0.000031622777  0.06825  0.09956  0.33016  4.18
0.000000143845  0.000023713737  0.05889  0.09763  0.34151  8.04
0.000000143845  0.000017782794  0.05120  0.09837  0.33504  13.78
0.000000143845  0.000013335214  0.04222  0.10094  0.31696  21.02
0.000000143845  0.000010000000  0.03358  0.10494  0.28936  29.09
0.000000143845  0.000007498942  0.02616  0.10977  0.25600  37.49
0.000000143845  0.000005623413  0.02091  0.11413  0.22578  46.24
0.000000143845  0.000004216965  0.01563  0.12048  0.18261  65.86
0.000000143845  0.000003162278  0.01437  0.12287  0.16603  76.71
0.000000143845  0.000002371374  0.01287  0.12614  0.14452  84.60
0.000000143845  0.000001778279  0.01231  0.12805  0.13028  89.82
0.000000143845  0.000001333521  0.01159  0.12965  0.12001  94.25
0.000000143845  0.000001000000  0.01143  0.13113  0.10954  96.67
0.000000100000  0.001000000000  0.07645  0.11113  0.24349  0.00
0.000000100000  0.000749894209  0.07640  0.11115  0.24334  0.00
0.000000100000  0.000562341325  0.07635  0.11117  0.24318  0.00
0.000000100000  0.000421696503  0.07631  0.11119  0.24303  0.00
0.000000100000  0.000316227766  0.07626  0.11121  0.24288  0.00
0.000000100000  0.000237137371  0.07621  0.11123  0.24272  0.00
0.000000100000  0.000177827941  0.07617  0.11126  0.24258  0.00
0.000000100000  0.000133352143  0.07612  0.11127  0.24249  0.01
0.000000100000  0.000100000000  0.07588  0.11124  0.24279  0.02
0.000000100000  0.000074989421  0.07505  0.11083  0.24680  0.12
0.000000100000  0.000056234133  0.07300  0.10924  0.26053  0.54
0.000000100000  0.000042169650  0.06900  0.10593  0.28537  1.63
0.000000100000  0.000031622777  0.06394  0.10246  0.30970  3.34
0.000000100000  0.000023713737  0.05784  0.10029  0.32424  6.12
0.000000100000  0.000017782794  0.04873  0.10028  0.32299  11.16
0.000000100000  0.000013335214  0.04078  0.10222  0.30844  18.20
0.000000100000  0.000010000000  0.03272  0.10578  0.28325  26.45
0.000000100000  0.000007498942  0.02553  0.11042  0.25071  35.19
0.000000100000  0.000005623413  0.01818  0.11761  0.20113  45.95
0.000000100000  0.000004216965  0.01536  0.12135  0.17552  63.09
0.000000100000  0.000003162278  0.01371  0.12466  0.15246  75.12
0.000000100000  0.000002371374  0.01236  0.12815  0.12851  83.75
0.000000100000  0.000001778279  0.01177  0.12965  0.11845  89.55
0.000000100000  0.000001333521  0.01129  0.13085  0.11086  93.45
0.000000100000  0.000001000000  0.01101  0.13244  0.09810  96.50
